# unix_time, cycles_done, cur_path, paths_total, pending_total, pending_favs, map_size, unique_crashes, unique_hangs, max_depth, execs_per_sec, valid_inputs, invalid_inputs, valid_cov
1645677023, 0, 0, 1, 0, 0, 0.20905%, 0, 0, 0, 0.10, 1, 0, 0.20905%, 137, 65535
1645677024, 0, 0, 2, 0, 0, 0.21057%, 0, 0, 0, 0.61, 2, 0, 0.21057%, 138, 65535
1645677026, 0, 0, 3, 0, 0, 0.23041%, 0, 0, 0, 0.61, 3, 0, 0.23041%, 151, 65535
1645677028, 0, 0, 4, 0, 0, 0.23041%, 0, 0, 0, 0.64, 4, 0, 0.23041%, 151, 65535
1645677029, 0, 0, 5, 0, 0, 0.23041%, 0, 0, 0, 0.67, 5, 0, 0.23041%, 151, 65535
1645677031, 0, 0, 6, 0, 0, 0.23041%, 0, 0, 0, 0.69, 6, 0, 0.23041%, 151, 65535
1645677032, 0, 0, 7, 0, 0, 0.23346%, 0, 0, 0, 0.65, 7, 0, 0.23346%, 153, 65535
1645677034, 0, 0, 8, 0, 0, 0.23651%, 0, 0, 0, 0.64, 8, 0, 0.23651%, 155, 65535
1645677035, 0, 0, 9, 0, 0, 0.23804%, 0, 0, 0, 0.64, 9, 0, 0.23804%, 156, 65535
1645677037, 0, 0, 10, 0, 0, 0.23804%, 0, 0, 0, 0.70, 10, 0, 0.23804%, 156, 65535
1645677038, 0, 0, 11, 0, 0, 0.23804%, 0, 0, 0, 0.64, 11, 0, 0.23804%, 156, 65535
1645677040, 0, 0, 12, 0, 0, 0.23804%, 0, 0, 0, 0.69, 12, 0, 0.23804%, 156, 65535
1645677041, 0, 0, 13, 0, 0, 0.23804%, 0, 0, 0, 0.68, 13, 0, 0.23804%, 156, 65535
1645677043, 0, 0, 13, 0, 0, 0.23804%, 0, 0, 0, 0.69, 14, 0, 0.23804%, 156, 65535
1645677044, 0, 0, 14, 0, 0, 0.23804%, 0, 0, 0, 0.65, 15, 0, 0.23804%, 156, 65535
1645677046, 0, 0, 15, 0, 0, 0.23804%, 0, 0, 0, 0.66, 16, 0, 0.23804%, 156, 65535
1645677047, 0, 0, 16, 0, 0, 0.24109%, 0, 0, 0, 0.68, 17, 0, 0.24109%, 158, 65535
1645677049, 0, 0, 17, 0, 0, 0.24109%, 0, 0, 0, 0.68, 18, 0, 0.24109%, 158, 65535
1645677050, 0, 0, 17, 0, 0, 0.24109%, 0, 0, 0, 0.65, 19, 0, 0.24109%, 158, 65535
1645677052, 0, 0, 18, 0, 0, 0.24109%, 0, 0, 0, 0.67, 20, 0, 0.24109%, 158, 65535
1645677053, 0, 0, 19, 0, 0, 0.24109%, 0, 0, 0, 0.66, 21, 0, 0.24109%, 158, 65535
1645677055, 0, 0, 19, 0, 0, 0.24109%, 0, 0, 0, 0.69, 22, 0, 0.24109%, 158, 65535
1645677056, 0, 0, 19, 0, 0, 0.24109%, 0, 0, 0, 0.72, 23, 0, 0.24109%, 158, 65535
1645677057, 0, 0, 20, 0, 0, 0.24109%, 0, 0, 0, 0.64, 24, 0, 0.24109%, 158, 65535
1645677059, 0, 0, 21, 0, 0, 0.24262%, 0, 0, 0, 0.66, 25, 0, 0.24262%, 159, 65535
1645677061, 0, 0, 22, 0, 0, 0.24262%, 0, 0, 0, 0.64, 26, 0, 0.24262%, 159, 65535
1645677062, 0, 0, 23, 0, 0, 0.24262%, 0, 0, 0, 0.65, 27, 0, 0.24262%, 159, 65535
1645677064, 0, 0, 23, 0, 0, 0.24262%, 0, 0, 0, 0.69, 28, 0, 0.24262%, 159, 65535
1645677065, 0, 0, 24, 0, 0, 0.24262%, 0, 0, 0, 0.67, 29, 0, 0.24262%, 159, 65535
1645677067, 0, 0, 25, 0, 0, 0.24262%, 0, 0, 0, 0.67, 30, 0, 0.24262%, 159, 65535
1645677068, 0, 0, 26, 0, 0, 0.24262%, 0, 0, 0, 0.68, 31, 0, 0.24262%, 159, 65535
1645677069, 0, 0, 27, 0, 0, 0.24262%, 0, 0, 0, 0.69, 32, 0, 0.24262%, 159, 65535
1645677071, 0, 0, 27, 0, 0, 0.24262%, 0, 0, 0, 0.70, 33, 0, 0.24262%, 159, 65535
1645677072, 0, 0, 28, 0, 0, 0.24262%, 0, 0, 0, 0.64, 34, 0, 0.24262%, 159, 65535
1645677074, 0, 0, 29, 0, 0, 0.24262%, 0, 0, 0, 0.62, 35, 0, 0.24262%, 159, 65535
1645677076, 0, 0, 30, 0, 0, 0.24262%, 0, 0, 0, 0.69, 36, 0, 0.24262%, 159, 65535
1645677077, 0, 0, 30, 0, 0, 0.24262%, 0, 0, 0, 0.66, 37, 0, 0.24262%, 159, 65535
1645677079, 0, 0, 30, 0, 0, 0.24262%, 0, 0, 0, 0.67, 38, 0, 0.24262%, 159, 65535
1645677080, 0, 0, 31, 0, 0, 0.24262%, 0, 0, 0, 0.61, 39, 0, 0.24262%, 159, 65535
1645677082, 0, 0, 31, 0, 0, 0.24262%, 0, 0, 0, 0.67, 40, 0, 0.24262%, 159, 65535
1645677083, 0, 0, 32, 0, 0, 0.24262%, 0, 0, 0, 0.62, 41, 0, 0.24262%, 159, 65535
1645677085, 0, 0, 32, 0, 0, 0.24262%, 0, 0, 0, 0.67, 42, 0, 0.24262%, 159, 65535
1645677086, 0, 0, 32, 0, 0, 0.24262%, 0, 0, 0, 0.68, 43, 0, 0.24262%, 159, 65535
1645677088, 0, 0, 33, 0, 0, 0.24567%, 0, 0, 0, 0.62, 44, 0, 0.24567%, 161, 65535
1645677089, 0, 0, 33, 0, 0, 0.24567%, 0, 0, 0, 0.64, 45, 0, 0.24567%, 161, 65535
1645677091, 0, 0, 34, 0, 0, 0.24567%, 0, 0, 0, 0.67, 46, 0, 0.24567%, 161, 65535
1645677092, 0, 0, 35, 0, 0, 0.24567%, 0, 0, 0, 0.69, 47, 0, 0.24567%, 161, 65535
1645677094, 0, 0, 35, 0, 0, 0.24567%, 0, 0, 0, 0.68, 48, 0, 0.24567%, 161, 65535
1645677095, 0, 0, 35, 0, 0, 0.24567%, 0, 0, 0, 0.70, 49, 0, 0.24567%, 161, 65535
1645677097, 0, 0, 36, 0, 0, 0.24567%, 0, 0, 0, 0.67, 50, 0, 0.24567%, 161, 65535
1645677098, 0, 0, 37, 0, 0, 0.24567%, 0, 0, 0, 0.65, 51, 0, 0.24567%, 161, 65535
1645677100, 0, 0, 37, 0, 0, 0.24567%, 0, 0, 0, 0.65, 52, 0, 0.24567%, 161, 65535
1645677101, 0, 0, 37, 0, 0, 0.24567%, 0, 0, 0, 0.68, 53, 0, 0.24567%, 161, 65535
1645677103, 0, 0, 37, 0, 0, 0.24567%, 0, 0, 0, 0.67, 54, 0, 0.24567%, 161, 65535
1645677104, 0, 0, 37, 0, 0, 0.24567%, 0, 0, 0, 0.68, 55, 0, 0.24567%, 161, 65535
1645677106, 0, 0, 37, 0, 0, 0.24567%, 0, 0, 0, 0.69, 56, 0, 0.24567%, 161, 65535
1645677107, 0, 0, 38, 0, 0, 0.24567%, 0, 0, 0, 0.66, 57, 0, 0.24567%, 161, 65535
1645677109, 0, 0, 39, 0, 0, 0.25025%, 0, 0, 0, 0.66, 58, 0, 0.25025%, 164, 65535
1645677110, 0, 0, 40, 0, 0, 0.25025%, 0, 0, 0, 0.66, 59, 0, 0.25025%, 164, 65535
1645677112, 0, 0, 40, 0, 0, 0.25025%, 0, 0, 0, 0.69, 60, 0, 0.25025%, 164, 65535
1645677113, 0, 0, 41, 0, 0, 0.25025%, 0, 0, 0, 0.65, 61, 0, 0.25025%, 164, 65535
1645677115, 0, 0, 41, 0, 0, 0.25025%, 0, 0, 0, 0.68, 62, 0, 0.25025%, 164, 65535
1645677116, 0, 0, 41, 0, 0, 0.25025%, 0, 0, 0, 0.68, 63, 0, 0.25025%, 164, 65535
1645677118, 0, 0, 42, 0, 0, 0.25025%, 0, 0, 0, 0.70, 64, 0, 0.25025%, 164, 65535
1645677119, 0, 0, 42, 0, 0, 0.25025%, 0, 0, 0, 0.68, 65, 0, 0.25025%, 164, 65535
1645677121, 0, 0, 42, 0, 0, 0.25025%, 0, 0, 0, 0.69, 66, 0, 0.25025%, 164, 65535
1645677122, 0, 0, 42, 0, 0, 0.25025%, 0, 0, 0, 0.67, 67, 0, 0.25025%, 164, 65535
1645677124, 0, 0, 43, 0, 0, 0.25025%, 0, 0, 0, 0.66, 68, 0, 0.25025%, 164, 65535
1645677125, 0, 0, 44, 0, 0, 0.25025%, 0, 0, 0, 0.63, 69, 0, 0.25025%, 164, 65535
1645677127, 0, 0, 44, 0, 0, 0.25025%, 0, 0, 0, 0.69, 70, 0, 0.25025%, 164, 65535
1645677128, 0, 0, 45, 0, 0, 0.25025%, 0, 0, 0, 0.66, 71, 0, 0.25025%, 164, 65535
1645677130, 0, 0, 45, 0, 0, 0.25025%, 0, 0, 0, 0.70, 72, 0, 0.25025%, 164, 65535
1645677131, 0, 0, 45, 0, 0, 0.25025%, 0, 0, 0, 0.69, 73, 0, 0.25025%, 164, 65535
1645677133, 0, 0, 45, 0, 0, 0.25025%, 0, 0, 0, 0.65, 74, 0, 0.25025%, 164, 65535
1645677134, 0, 0, 45, 0, 0, 0.25025%, 0, 0, 0, 0.67, 75, 0, 0.25025%, 164, 65535
1645677136, 0, 0, 45, 0, 0, 0.25025%, 0, 0, 0, 0.64, 76, 0, 0.25025%, 164, 65535
1645677137, 0, 0, 45, 0, 0, 0.25025%, 0, 0, 0, 0.69, 77, 0, 0.25025%, 164, 65535
1645677139, 0, 0, 45, 0, 0, 0.25025%, 0, 0, 0, 0.65, 78, 0, 0.25025%, 164, 65535
1645677140, 0, 0, 46, 0, 0, 0.25025%, 0, 0, 0, 0.65, 79, 0, 0.25025%, 164, 65535
1645677142, 0, 0, 46, 0, 0, 0.25025%, 0, 0, 0, 0.67, 80, 0, 0.25025%, 164, 65535
1645677143, 0, 0, 46, 0, 0, 0.25025%, 0, 0, 0, 0.67, 81, 0, 0.25025%, 164, 65535
1645677145, 0, 0, 46, 0, 0, 0.25025%, 0, 0, 0, 0.66, 82, 0, 0.25025%, 164, 65535
1645677146, 0, 0, 46, 0, 0, 0.25025%, 0, 0, 0, 0.68, 83, 0, 0.25025%, 164, 65535
1645677148, 0, 0, 46, 0, 0, 0.25025%, 0, 0, 0, 0.60, 84, 0, 0.25025%, 164, 65535
1645677149, 0, 0, 46, 0, 0, 0.25025%, 0, 0, 0, 0.71, 85, 0, 0.25025%, 164, 65535
1645677151, 0, 0, 46, 0, 0, 0.25025%, 0, 0, 0, 0.66, 86, 0, 0.25025%, 164, 65535
1645677152, 0, 0, 47, 0, 0, 0.25025%, 0, 0, 0, 0.63, 87, 0, 0.25025%, 164, 65535
1645677154, 0, 0, 47, 0, 0, 0.25025%, 0, 0, 0, 0.70, 88, 0, 0.25025%, 164, 65535
1645677155, 0, 0, 47, 0, 0, 0.25025%, 0, 0, 0, 0.72, 89, 0, 0.25025%, 164, 65535
1645677157, 0, 0, 47, 0, 0, 0.25025%, 0, 0, 0, 0.66, 90, 0, 0.25025%, 164, 65535
1645677158, 0, 0, 47, 0, 0, 0.25025%, 0, 0, 0, 0.69, 91, 0, 0.25025%, 164, 65535
1645677159, 0, 0, 47, 0, 0, 0.25025%, 0, 0, 0, 0.71, 92, 0, 0.25025%, 164, 65535
1645677161, 0, 0, 47, 0, 0, 0.25025%, 0, 0, 0, 0.65, 93, 0, 0.25025%, 164, 65535
1645677162, 0, 0, 48, 0, 0, 0.25177%, 0, 0, 0, 0.66, 94, 0, 0.25177%, 165, 65535
1645677164, 0, 0, 48, 0, 0, 0.25177%, 0, 0, 0, 0.66, 95, 0, 0.25177%, 165, 65535
1645677165, 0, 0, 48, 0, 0, 0.25177%, 0, 0, 0, 0.69, 96, 0, 0.25177%, 165, 65535
1645677167, 0, 0, 48, 0, 0, 0.25177%, 0, 0, 0, 0.64, 97, 0, 0.25177%, 165, 65535
1645677168, 0, 0, 48, 0, 0, 0.25177%, 0, 0, 0, 0.68, 98, 0, 0.25177%, 165, 65535
1645677170, 0, 0, 48, 0, 0, 0.25177%, 0, 0, 0, 0.66, 99, 0, 0.25177%, 165, 65535
1645677172, 0, 0, 48, 0, 0, 0.25177%, 0, 0, 0, 0.66, 100, 0, 0.25177%, 165, 65535
1645677173, 0, 0, 48, 0, 0, 0.25177%, 0, 0, 0, 0.69, 101, 0, 0.25177%, 165, 65535
1645677174, 0, 0, 49, 0, 0, 0.25177%, 0, 0, 0, 0.66, 102, 0, 0.25177%, 165, 65535
1645677176, 0, 0, 49, 0, 0, 0.25177%, 0, 0, 0, 0.67, 103, 0, 0.25177%, 165, 65535
1645677178, 0, 0, 49, 0, 0, 0.25177%, 0, 0, 0, 0.66, 104, 0, 0.25177%, 165, 65535
1645677179, 0, 0, 49, 0, 0, 0.25177%, 0, 0, 0, 0.69, 105, 0, 0.25177%, 165, 65535
1645677181, 0, 0, 50, 0, 0, 0.25177%, 0, 0, 0, 0.61, 106, 0, 0.25177%, 165, 65535
1645677182, 0, 0, 50, 0, 0, 0.25177%, 0, 0, 0, 0.68, 107, 0, 0.25177%, 165, 65535
1645677184, 0, 0, 51, 0, 0, 0.25177%, 0, 0, 0, 0.66, 108, 0, 0.25177%, 165, 65535
1645677185, 0, 0, 51, 0, 0, 0.25177%, 0, 0, 0, 0.61, 109, 0, 0.25177%, 165, 65535
1645677187, 0, 0, 51, 0, 0, 0.25177%, 0, 0, 0, 0.66, 110, 0, 0.25177%, 165, 65535
1645677188, 0, 0, 51, 0, 0, 0.25177%, 0, 0, 0, 0.68, 111, 0, 0.25177%, 165, 65535
1645677190, 0, 0, 51, 0, 0, 0.25177%, 0, 0, 0, 0.62, 112, 0, 0.25177%, 165, 65535
1645677191, 0, 0, 51, 0, 0, 0.25177%, 0, 0, 0, 0.64, 113, 0, 0.25177%, 165, 65535
1645677193, 0, 0, 51, 0, 0, 0.25177%, 0, 0, 0, 0.68, 114, 0, 0.25177%, 165, 65535
1645677194, 0, 0, 51, 0, 0, 0.25177%, 0, 0, 0, 0.67, 115, 0, 0.25177%, 165, 65535
1645677196, 0, 0, 51, 0, 0, 0.25177%, 0, 0, 0, 0.66, 116, 0, 0.25177%, 165, 65535
1645677197, 0, 0, 52, 0, 0, 0.25177%, 0, 0, 0, 0.69, 117, 0, 0.25177%, 165, 65535
1645677199, 0, 0, 52, 0, 0, 0.25177%, 0, 0, 0, 0.63, 118, 0, 0.25177%, 165, 65535
1645677200, 0, 0, 52, 0, 0, 0.25177%, 0, 0, 0, 0.61, 119, 0, 0.25177%, 165, 65535
1645677202, 0, 0, 52, 0, 0, 0.25177%, 0, 0, 0, 0.64, 120, 0, 0.25177%, 165, 65535
1645677203, 0, 0, 52, 0, 0, 0.25177%, 0, 0, 0, 0.69, 121, 0, 0.25177%, 165, 65535
1645677205, 0, 0, 52, 0, 0, 0.25177%, 0, 0, 0, 0.62, 122, 0, 0.25177%, 165, 65535
1645677207, 0, 0, 52, 0, 0, 0.25177%, 0, 0, 0, 0.70, 123, 0, 0.25177%, 165, 65535
1645677208, 0, 0, 52, 0, 0, 0.25177%, 0, 0, 0, 0.60, 124, 0, 0.25177%, 165, 65535
1645677210, 0, 0, 52, 0, 0, 0.25177%, 0, 0, 0, 0.69, 125, 0, 0.25177%, 165, 65535
1645677211, 0, 0, 52, 0, 0, 0.25177%, 0, 0, 0, 0.67, 126, 0, 0.25177%, 165, 65535
1645677213, 0, 0, 53, 0, 0, 0.25177%, 0, 0, 0, 0.61, 127, 0, 0.25177%, 165, 65535
1645677214, 0, 0, 54, 0, 0, 0.25177%, 0, 0, 0, 0.67, 128, 0, 0.25177%, 165, 65535
1645677216, 0, 0, 55, 0, 0, 0.25177%, 0, 0, 0, 0.65, 129, 0, 0.25177%, 165, 65535
1645677217, 0, 0, 55, 0, 0, 0.25177%, 0, 0, 0, 0.64, 130, 0, 0.25177%, 165, 65535
1645677219, 0, 0, 55, 0, 0, 0.25177%, 0, 0, 0, 0.64, 131, 0, 0.25177%, 165, 65535
1645677220, 0, 0, 56, 0, 0, 0.25177%, 0, 0, 0, 0.68, 132, 0, 0.25177%, 165, 65535
1645677222, 0, 0, 56, 0, 0, 0.25177%, 0, 0, 0, 0.64, 133, 0, 0.25177%, 165, 65535
1645677223, 0, 0, 56, 0, 0, 0.25177%, 0, 0, 0, 0.68, 134, 0, 0.25177%, 165, 65535
1645677225, 0, 0, 56, 0, 0, 0.25177%, 0, 0, 0, 0.64, 135, 0, 0.25177%, 165, 65535
1645677227, 0, 0, 56, 0, 0, 0.25177%, 0, 0, 0, 0.67, 136, 0, 0.25177%, 165, 65535
1645677228, 0, 0, 56, 0, 0, 0.25177%, 0, 0, 0, 0.68, 137, 0, 0.25177%, 165, 65535
1645677230, 0, 0, 56, 0, 0, 0.25177%, 0, 0, 0, 0.64, 138, 0, 0.25177%, 165, 65535
1645677231, 0, 0, 56, 0, 0, 0.25177%, 0, 0, 0, 0.66, 139, 0, 0.25177%, 165, 65535
1645677233, 0, 0, 56, 0, 0, 0.25177%, 0, 0, 0, 0.68, 140, 0, 0.25177%, 165, 65535
1645677234, 0, 0, 57, 0, 0, 0.25177%, 0, 0, 0, 0.64, 141, 0, 0.25177%, 165, 65535
1645677236, 0, 0, 58, 0, 0, 0.25177%, 0, 0, 0, 0.70, 142, 0, 0.25177%, 165, 65535
1645677237, 0, 0, 58, 0, 0, 0.25177%, 0, 0, 0, 0.66, 143, 0, 0.25177%, 165, 65535
1645677239, 0, 0, 58, 0, 0, 0.25177%, 0, 0, 0, 0.65, 144, 0, 0.25177%, 165, 65535
1645677240, 0, 0, 58, 0, 0, 0.25177%, 0, 0, 0, 0.69, 145, 0, 0.25177%, 165, 65535
1645677242, 0, 0, 58, 0, 0, 0.25177%, 0, 0, 0, 0.66, 146, 0, 0.25177%, 165, 65535
1645677243, 0, 0, 58, 0, 0, 0.25177%, 0, 0, 0, 0.67, 147, 0, 0.25177%, 165, 65535
1645677245, 0, 0, 58, 0, 0, 0.25177%, 0, 0, 0, 0.66, 148, 0, 0.25177%, 165, 65535
1645677246, 0, 0, 58, 0, 0, 0.25177%, 0, 0, 0, 0.65, 149, 0, 0.25177%, 165, 65535
1645677248, 0, 0, 58, 0, 0, 0.25177%, 0, 0, 0, 0.69, 150, 0, 0.25177%, 165, 65535
1645677249, 0, 0, 58, 0, 0, 0.25177%, 0, 0, 0, 0.63, 151, 0, 0.25177%, 165, 65535
1645677251, 0, 0, 58, 0, 0, 0.25177%, 0, 0, 0, 0.69, 152, 0, 0.25177%, 165, 65535
1645677252, 0, 0, 58, 0, 0, 0.25177%, 0, 0, 0, 0.61, 153, 0, 0.25177%, 165, 65535
1645677254, 0, 0, 58, 0, 0, 0.25177%, 0, 0, 0, 0.61, 154, 0, 0.25177%, 165, 65535
1645677256, 0, 0, 58, 0, 0, 0.25177%, 0, 0, 0, 0.59, 155, 0, 0.25177%, 165, 65535
1645677257, 0, 0, 58, 0, 0, 0.25177%, 0, 0, 0, 0.65, 156, 0, 0.25177%, 165, 65535
1645677259, 0, 0, 58, 0, 0, 0.25177%, 0, 0, 0, 0.68, 157, 0, 0.25177%, 165, 65535
1645677260, 0, 0, 58, 0, 0, 0.25177%, 0, 0, 0, 0.65, 158, 0, 0.25177%, 165, 65535
1645677262, 0, 0, 58, 0, 0, 0.25177%, 0, 0, 0, 0.66, 159, 0, 0.25177%, 165, 65535
1645677263, 0, 0, 58, 0, 0, 0.25177%, 0, 0, 0, 0.63, 160, 0, 0.25177%, 165, 65535
1645677265, 0, 0, 58, 0, 0, 0.25177%, 0, 0, 0, 0.57, 161, 0, 0.25177%, 165, 65535
1645677266, 0, 0, 58, 0, 0, 0.25177%, 0, 0, 0, 0.64, 162, 0, 0.25177%, 165, 65535
1645677268, 0, 0, 59, 0, 0, 0.25177%, 0, 0, 0, 0.66, 163, 0, 0.25177%, 165, 65535
1645677270, 0, 0, 59, 0, 0, 0.25177%, 0, 0, 0, 0.59, 164, 0, 0.25177%, 165, 65535
1645677271, 0, 0, 59, 0, 0, 0.25177%, 1, 0, 0, 0.64, 164, 1, 0.25177%, 165, 65535
1645677273, 0, 0, 59, 0, 0, 0.25177%, 1, 0, 0, 0.47, 164, 2, 0.25177%, 165, 65535
1645677275, 0, 0, 59, 0, 0, 0.25177%, 2, 0, 0, 0.64, 164, 3, 0.25177%, 165, 65535
1645677276, 0, 0, 59, 0, 0, 0.25177%, 2, 0, 0, 0.65, 164, 4, 0.25177%, 165, 65535
