# unix_time, cycles_done, cur_path, paths_total, pending_total, pending_favs, map_size, unique_crashes, unique_hangs, max_depth, execs_per_sec, valid_inputs, invalid_inputs, valid_cov
1645571631, 0, 0, 1, 0, 0, 0.14496%, 0, 0, 0, 0.12, 1, 0, 0.14496%, 95, 65535
1645571631, 0, 0, 2, 0, 0, 0.15412%, 0, 0, 0, 1.44, 2, 0, 0.15412%, 101, 65535
1645571632, 0, 0, 3, 0, 0, 0.15869%, 0, 0, 0, 1.27, 3, 0, 0.15869%, 104, 65535
1645571633, 0, 0, 4, 0, 0, 0.16327%, 0, 0, 0, 2.55, 4, 0, 0.16327%, 107, 65535
1645571633, 0, 0, 4, 0, 0, 0.16327%, 0, 0, 0, 3.14, 5, 0, 0.16327%, 107, 65535
1645571634, 0, 0, 5, 0, 0, 0.16327%, 0, 0, 0, 1.57, 6, 0, 0.16327%, 107, 65535
1645571634, 0, 0, 6, 0, 0, 0.16327%, 0, 0, 0, 1.07, 7, 0, 0.16327%, 107, 65535
1645571635, 0, 0, 7, 0, 0, 0.16632%, 0, 0, 0, 2.21, 8, 0, 0.16632%, 109, 65535
1645571636, 0, 0, 8, 0, 0, 0.19684%, 0, 0, 0, 0.87, 9, 0, 0.19684%, 129, 65535
1645571637, 0, 0, 9, 0, 0, 0.19684%, 0, 0, 0, 1.22, 10, 0, 0.19684%, 129, 65535
1645571637, 0, 0, 10, 0, 0, 0.19684%, 0, 0, 0, 1.83, 11, 0, 0.19684%, 129, 65535
1645571638, 0, 0, 11, 0, 0, 0.20142%, 0, 0, 0, 1.56, 12, 0, 0.20142%, 132, 65535
1645571639, 0, 0, 11, 0, 0, 0.20142%, 0, 0, 0, 4.66, 14, 0, 0.20142%, 132, 65535
1645571639, 0, 0, 12, 0, 0, 0.20142%, 0, 0, 0, 1.51, 15, 0, 0.20142%, 132, 65535
1645571640, 0, 0, 13, 0, 0, 0.20142%, 0, 0, 0, 1.92, 16, 0, 0.20142%, 132, 65535
1645571641, 0, 0, 14, 0, 0, 0.20294%, 0, 0, 0, 0.96, 17, 0, 0.20294%, 133, 65535
1645571641, 0, 0, 15, 0, 0, 0.20294%, 0, 0, 0, 2.36, 18, 0, 0.20294%, 133, 65535
1645571643, 0, 0, 16, 0, 0, 0.20447%, 0, 0, 0, 1.39, 20, 0, 0.20447%, 134, 65535
1645571643, 0, 0, 16, 0, 0, 0.20447%, 0, 0, 0, 2.28, 21, 0, 0.20447%, 134, 65535
1645571644, 0, 0, 17, 0, 0, 0.20600%, 0, 0, 0, 1.01, 22, 0, 0.20600%, 135, 65535
1645571645, 0, 0, 17, 0, 0, 0.20600%, 0, 0, 0, 1.47, 23, 0, 0.20600%, 135, 65535
1645571645, 0, 0, 17, 0, 0, 0.20600%, 0, 0, 0, 2.50, 24, 0, 0.20600%, 135, 65535
1645571646, 0, 0, 18, 0, 0, 0.21057%, 0, 0, 0, 2.86, 26, 0, 0.21057%, 138, 65535
1645571647, 0, 0, 19, 0, 0, 0.21057%, 0, 0, 0, 0.88, 27, 0, 0.21057%, 138, 65535
1645571648, 0, 0, 20, 0, 0, 0.21057%, 0, 0, 0, 1.03, 28, 0, 0.21057%, 138, 65535
1645571648, 0, 0, 20, 0, 0, 0.21057%, 0, 0, 0, 2.29, 29, 0, 0.21057%, 138, 65535
1645571649, 0, 0, 20, 0, 0, 0.21057%, 0, 0, 0, 1.34, 30, 0, 0.21057%, 138, 65535
1645571650, 0, 0, 21, 0, 0, 0.21057%, 0, 0, 0, 2.24, 31, 0, 0.21057%, 138, 65535
1645571650, 0, 0, 22, 0, 0, 0.21057%, 0, 0, 0, 2.40, 33, 0, 0.21057%, 138, 65535
1645571651, 0, 0, 22, 0, 0, 0.21057%, 0, 0, 0, 0.93, 34, 0, 0.21057%, 138, 65535
1645571652, 0, 0, 22, 0, 0, 0.21057%, 0, 0, 0, 2.61, 35, 0, 0.21057%, 138, 65535
1645571652, 0, 0, 22, 0, 0, 0.21057%, 0, 0, 0, 1.87, 36, 0, 0.21057%, 138, 65535
1645571653, 0, 0, 22, 0, 0, 0.21057%, 0, 0, 0, 2.37, 37, 0, 0.21057%, 138, 65535
1645571653, 0, 0, 23, 0, 0, 0.21057%, 0, 0, 0, 2.75, 38, 0, 0.21057%, 138, 65535
1645571653, 0, 0, 24, 0, 0, 0.21057%, 0, 0, 0, 2.99, 39, 0, 0.21057%, 138, 65535
1645571654, 0, 0, 24, 0, 0, 0.21057%, 0, 0, 0, 1.80, 40, 0, 0.21057%, 138, 65535
1645571655, 0, 0, 25, 0, 0, 0.21210%, 0, 0, 0, 1.28, 41, 0, 0.21210%, 139, 65535
1645571655, 0, 0, 25, 0, 0, 0.21210%, 0, 0, 0, 2.25, 42, 0, 0.21210%, 139, 65535
1645571656, 0, 0, 26, 0, 0, 0.21210%, 0, 0, 0, 2.66, 43, 0, 0.21210%, 139, 65535
1645571656, 0, 0, 26, 0, 0, 0.21210%, 0, 0, 0, 1.77, 44, 0, 0.21210%, 139, 65535
1645571657, 0, 0, 26, 0, 0, 0.21210%, 0, 0, 0, 4.29, 46, 0, 0.21210%, 139, 65535
1645571657, 0, 0, 26, 0, 0, 0.21210%, 0, 0, 0, 2.23, 47, 0, 0.21210%, 139, 65535
1645571658, 0, 0, 26, 0, 0, 0.21210%, 0, 0, 0, 1.23, 48, 0, 0.21210%, 139, 65535
1645571659, 0, 0, 26, 0, 0, 0.21210%, 0, 0, 0, 1.60, 49, 0, 0.21210%, 139, 65535
1645571659, 0, 0, 26, 0, 0, 0.21210%, 0, 0, 0, 2.35, 50, 0, 0.21210%, 139, 65535
1645571660, 0, 0, 26, 0, 0, 0.21210%, 0, 0, 0, 1.36, 51, 0, 0.21210%, 139, 65535
1645571660, 0, 0, 26, 0, 0, 0.21210%, 0, 0, 0, 3.64, 53, 0, 0.21210%, 139, 65535
1645571661, 0, 0, 26, 0, 0, 0.21210%, 0, 0, 0, 2.37, 54, 0, 0.21210%, 139, 65535
1645571662, 0, 0, 26, 0, 0, 0.21210%, 0, 0, 0, 1.16, 55, 0, 0.21210%, 139, 65535
1645571662, 0, 0, 26, 0, 0, 0.21210%, 0, 0, 0, 1.23, 56, 0, 0.21210%, 139, 65535
1645571663, 0, 0, 26, 0, 0, 0.21210%, 0, 0, 0, 3.19, 57, 0, 0.21210%, 139, 65535
1645571664, 0, 0, 27, 0, 0, 0.21210%, 0, 0, 0, 0.97, 58, 0, 0.21210%, 139, 65535
1645571664, 0, 0, 27, 0, 0, 0.21210%, 0, 0, 0, 3.25, 59, 0, 0.21210%, 139, 65535
1645571665, 0, 0, 27, 0, 0, 0.21210%, 0, 0, 0, 2.31, 61, 0, 0.21210%, 139, 65535
1645571665, 0, 0, 27, 0, 0, 0.21210%, 0, 0, 0, 5.73, 63, 0, 0.21210%, 139, 65535
1645571666, 0, 0, 27, 0, 0, 0.21210%, 0, 0, 0, 2.99, 64, 0, 0.21210%, 139, 65535
1645571667, 0, 0, 28, 0, 0, 0.21210%, 0, 0, 0, 0.98, 65, 0, 0.21210%, 139, 65535
1645571667, 0, 0, 28, 0, 0, 0.21210%, 0, 0, 0, 1.40, 66, 0, 0.21210%, 139, 65535
1645571668, 0, 0, 28, 0, 0, 0.21210%, 0, 0, 0, 2.12, 67, 0, 0.21210%, 139, 65535
1645571669, 0, 0, 28, 0, 0, 0.21210%, 0, 0, 0, 2.25, 69, 0, 0.21210%, 139, 65535
1645571669, 0, 0, 28, 0, 0, 0.21210%, 0, 0, 0, 2.44, 70, 0, 0.21210%, 139, 65535
1645571670, 0, 0, 28, 0, 0, 0.21210%, 0, 0, 0, 1.92, 71, 0, 0.21210%, 139, 65535
1645571670, 0, 0, 28, 0, 0, 0.21210%, 0, 0, 0, 1.87, 72, 0, 0.21210%, 139, 65535
1645571671, 0, 0, 28, 0, 0, 0.21210%, 0, 0, 0, 2.70, 73, 0, 0.21210%, 139, 65535
1645571671, 0, 0, 28, 0, 0, 0.21210%, 0, 0, 0, 1.94, 74, 0, 0.21210%, 139, 65535
1645571671, 0, 0, 28, 0, 0, 0.21210%, 0, 0, 0, 2.39, 75, 0, 0.21210%, 139, 65535
1645571672, 0, 0, 28, 0, 0, 0.21210%, 0, 0, 0, 1.75, 76, 0, 0.21210%, 139, 65535
1645571673, 0, 0, 28, 0, 0, 0.21210%, 0, 0, 0, 2.02, 77, 0, 0.21210%, 139, 65535
1645571674, 0, 0, 28, 0, 0, 0.21210%, 0, 0, 0, 1.87, 79, 0, 0.21210%, 139, 65535
1645571675, 0, 0, 29, 0, 0, 0.21210%, 0, 0, 0, 0.67, 80, 0, 0.21210%, 139, 65535
1645571676, 0, 0, 29, 0, 0, 0.21210%, 0, 0, 0, 2.12, 81, 0, 0.21210%, 139, 65535
1645571676, 0, 0, 29, 0, 0, 0.21210%, 0, 0, 0, 1.75, 82, 0, 0.21210%, 139, 65535
1645571677, 0, 0, 29, 0, 0, 0.21210%, 0, 0, 0, 1.75, 83, 0, 0.21210%, 139, 65535
1645571677, 0, 0, 29, 0, 0, 0.21210%, 0, 0, 0, 1.63, 84, 0, 0.21210%, 139, 65535
1645571678, 0, 0, 29, 0, 0, 0.21210%, 0, 0, 0, 1.72, 85, 0, 0.21210%, 139, 65535
1645571679, 0, 0, 29, 0, 0, 0.21210%, 0, 0, 0, 1.33, 86, 0, 0.21210%, 139, 65535
1645571680, 0, 0, 30, 0, 0, 0.21210%, 0, 0, 0, 1.13, 87, 0, 0.21210%, 139, 65535
1645571680, 0, 0, 30, 0, 0, 0.21210%, 0, 0, 0, 1.75, 88, 0, 0.21210%, 139, 65535
1645571680, 0, 0, 30, 0, 0, 0.21210%, 0, 0, 0, 2.59, 89, 0, 0.21210%, 139, 65535
1645571681, 0, 0, 30, 0, 0, 0.21210%, 0, 0, 0, 2.90, 90, 0, 0.21210%, 139, 65535
1645571681, 0, 0, 30, 0, 0, 0.21210%, 0, 0, 0, 1.49, 91, 0, 0.21210%, 139, 65535
1645571682, 0, 0, 30, 0, 0, 0.21210%, 0, 0, 0, 2.69, 93, 0, 0.21210%, 139, 65535
1645571683, 0, 0, 30, 0, 0, 0.21210%, 0, 0, 0, 1.68, 94, 0, 0.21210%, 139, 65535
1645571683, 0, 0, 30, 0, 0, 0.21210%, 0, 0, 0, 2.48, 95, 0, 0.21210%, 139, 65535
1645571684, 0, 0, 30, 0, 0, 0.21210%, 0, 0, 0, 2.22, 96, 0, 0.21210%, 139, 65535
1645571684, 0, 0, 30, 0, 0, 0.21210%, 0, 0, 0, 2.11, 97, 0, 0.21210%, 139, 65535
1645571685, 0, 0, 30, 0, 0, 0.21210%, 0, 0, 0, 2.01, 98, 0, 0.21210%, 139, 65535
1645571685, 0, 0, 30, 0, 0, 0.21210%, 0, 0, 0, 3.15, 99, 0, 0.21210%, 139, 65535
1645571686, 0, 0, 30, 0, 0, 0.21210%, 0, 0, 0, 3.28, 101, 0, 0.21210%, 139, 65535
1645571686, 0, 0, 30, 0, 0, 0.21210%, 0, 0, 0, 1.45, 102, 0, 0.21210%, 139, 65535
1645571687, 0, 0, 30, 0, 0, 0.21210%, 0, 0, 0, 1.27, 103, 0, 0.21210%, 139, 65535
1645571687, 0, 0, 30, 0, 0, 0.21210%, 0, 0, 0, 2.30, 104, 0, 0.21210%, 139, 65535
1645571688, 0, 0, 31, 0, 0, 0.21210%, 0, 0, 0, 1.27, 105, 0, 0.21210%, 139, 65535
1645571689, 0, 0, 31, 0, 0, 0.21210%, 0, 0, 0, 1.28, 106, 0, 0.21210%, 139, 65535
1645571689, 0, 0, 31, 0, 0, 0.21210%, 0, 0, 0, 2.42, 107, 0, 0.21210%, 139, 65535
1645571690, 0, 0, 31, 0, 0, 0.21210%, 0, 0, 0, 1.91, 108, 0, 0.21210%, 139, 65535
1645571691, 0, 0, 31, 0, 0, 0.21210%, 0, 0, 0, 3.04, 110, 0, 0.21210%, 139, 65535
1645571691, 0, 0, 31, 0, 0, 0.21210%, 0, 0, 0, 1.42, 111, 0, 0.21210%, 139, 65535
1645571692, 0, 0, 31, 0, 0, 0.21210%, 0, 0, 0, 1.76, 112, 0, 0.21210%, 139, 65535
1645571693, 0, 0, 31, 0, 0, 0.21210%, 0, 0, 0, 1.87, 114, 0, 0.21210%, 139, 65535
1645571694, 0, 0, 31, 0, 0, 0.21210%, 0, 0, 0, 1.90, 116, 0, 0.21210%, 139, 65535
1645571695, 0, 0, 31, 0, 0, 0.21210%, 0, 0, 0, 0.81, 117, 0, 0.21210%, 139, 65535
1645571696, 0, 0, 31, 0, 0, 0.21210%, 0, 0, 0, 4.66, 119, 0, 0.21210%, 139, 65535
1645571696, 0, 0, 31, 0, 0, 0.21210%, 0, 0, 0, 4.76, 121, 0, 0.21210%, 139, 65535
1645571697, 0, 0, 31, 0, 0, 0.21210%, 0, 0, 0, 1.89, 122, 0, 0.21210%, 139, 65535
1645571697, 0, 0, 31, 0, 0, 0.21210%, 0, 0, 0, 1.81, 123, 0, 0.21210%, 139, 65535
1645571698, 0, 0, 31, 0, 0, 0.21210%, 0, 0, 0, 3.33, 124, 0, 0.21210%, 139, 65535
1645571698, 0, 0, 31, 0, 0, 0.21210%, 0, 0, 0, 1.61, 125, 0, 0.21210%, 139, 65535
1645571699, 0, 0, 31, 0, 0, 0.21210%, 0, 0, 0, 2.51, 126, 0, 0.21210%, 139, 65535
1645571699, 0, 0, 31, 0, 0, 0.21210%, 0, 0, 0, 2.14, 127, 0, 0.21210%, 139, 65535
1645571700, 0, 0, 31, 0, 0, 0.21210%, 0, 0, 0, 1.79, 128, 0, 0.21210%, 139, 65535
1645571700, 0, 0, 31, 0, 0, 0.21210%, 0, 0, 0, 2.22, 129, 0, 0.21210%, 139, 65535
1645571700, 0, 0, 31, 0, 0, 0.21210%, 0, 0, 0, 2.25, 130, 0, 0.21210%, 139, 65535
1645571701, 0, 0, 31, 0, 0, 0.21210%, 0, 0, 0, 3.21, 131, 0, 0.21210%, 139, 65535
1645571701, 0, 0, 31, 0, 0, 0.21210%, 0, 0, 0, 1.43, 132, 0, 0.21210%, 139, 65535
1645571702, 0, 0, 31, 0, 0, 0.21210%, 0, 0, 0, 2.43, 133, 0, 0.21210%, 139, 65535
1645571702, 0, 0, 31, 0, 0, 0.21210%, 0, 0, 0, 2.55, 134, 0, 0.21210%, 139, 65535
1645571703, 0, 0, 31, 0, 0, 0.21210%, 0, 0, 0, 3.03, 135, 0, 0.21210%, 139, 65535
1645571704, 0, 0, 31, 0, 0, 0.21210%, 0, 0, 0, 2.03, 137, 0, 0.21210%, 139, 65535
1645571704, 0, 0, 31, 0, 0, 0.21210%, 0, 0, 0, 1.09, 138, 0, 0.21210%, 139, 65535
1645571705, 0, 0, 31, 0, 0, 0.21210%, 0, 0, 0, 1.37, 139, 0, 0.21210%, 139, 65535
1645571706, 0, 0, 31, 0, 0, 0.21210%, 0, 0, 0, 1.87, 140, 0, 0.21210%, 139, 65535
1645571706, 0, 0, 31, 0, 0, 0.21210%, 0, 0, 0, 2.56, 141, 0, 0.21210%, 139, 65535
1645571707, 0, 0, 31, 0, 0, 0.21210%, 0, 0, 0, 1.69, 143, 0, 0.21210%, 139, 65535
1645571708, 0, 0, 31, 0, 0, 0.21210%, 0, 0, 0, 1.63, 144, 0, 0.21210%, 139, 65535
1645571709, 0, 0, 32, 0, 0, 0.21210%, 0, 0, 0, 1.09, 145, 0, 0.21210%, 139, 65535
1645571709, 0, 0, 32, 0, 0, 0.21210%, 0, 0, 0, 2.14, 146, 0, 0.21210%, 139, 65535
1645571710, 0, 0, 32, 0, 0, 0.21210%, 0, 0, 0, 2.26, 148, 0, 0.21210%, 139, 65535
1645571711, 0, 0, 32, 0, 0, 0.21210%, 0, 0, 0, 1.42, 149, 0, 0.21210%, 139, 65535
1645571712, 0, 0, 32, 0, 0, 0.21210%, 0, 0, 0, 1.51, 150, 0, 0.21210%, 139, 65535
1645571712, 0, 0, 33, 0, 0, 0.21210%, 0, 0, 0, 1.94, 151, 0, 0.21210%, 139, 65535
1645571712, 0, 0, 33, 0, 0, 0.21210%, 0, 0, 0, 2.87, 152, 0, 0.21210%, 139, 65535
1645571713, 0, 0, 33, 0, 0, 0.21210%, 0, 0, 0, 2.70, 153, 0, 0.21210%, 139, 65535
1645571713, 0, 0, 33, 0, 0, 0.21210%, 0, 0, 0, 1.95, 154, 0, 0.21210%, 139, 65535
1645571714, 0, 0, 33, 0, 0, 0.21210%, 0, 0, 0, 2.33, 155, 0, 0.21210%, 139, 65535
1645571714, 0, 0, 33, 0, 0, 0.21210%, 0, 0, 0, 1.83, 156, 0, 0.21210%, 139, 65535
1645571715, 0, 0, 33, 0, 0, 0.21210%, 0, 0, 0, 1.00, 157, 0, 0.21210%, 139, 65535
1645571716, 0, 0, 33, 0, 0, 0.21210%, 0, 0, 0, 1.93, 158, 0, 0.21210%, 139, 65535
1645571716, 0, 0, 33, 0, 0, 0.21210%, 0, 0, 0, 1.61, 159, 0, 0.21210%, 139, 65535
1645571717, 0, 0, 33, 0, 0, 0.21210%, 0, 0, 0, 1.30, 160, 0, 0.21210%, 139, 65535
1645571718, 0, 0, 34, 0, 0, 0.21210%, 0, 0, 0, 1.69, 162, 0, 0.21210%, 139, 65535
1645571719, 0, 0, 34, 0, 0, 0.21210%, 0, 0, 0, 1.93, 163, 0, 0.21210%, 139, 65535
1645571720, 0, 0, 34, 0, 0, 0.21210%, 0, 0, 0, 1.21, 164, 0, 0.21210%, 139, 65535
1645571720, 0, 0, 34, 0, 0, 0.21210%, 0, 0, 0, 2.51, 165, 0, 0.21210%, 139, 65535
1645571721, 0, 0, 34, 0, 0, 0.21210%, 0, 0, 0, 1.69, 166, 0, 0.21210%, 139, 65535
1645571721, 0, 0, 34, 0, 0, 0.21210%, 0, 0, 0, 2.43, 167, 0, 0.21210%, 139, 65535
1645571722, 0, 0, 34, 0, 0, 0.21210%, 0, 0, 0, 1.61, 168, 0, 0.21210%, 139, 65535
1645571722, 0, 0, 34, 0, 0, 0.21210%, 0, 0, 0, 2.11, 169, 0, 0.21210%, 139, 65535
1645571723, 0, 0, 34, 0, 0, 0.21210%, 0, 0, 0, 1.91, 170, 0, 0.21210%, 139, 65535
1645571723, 0, 0, 35, 0, 0, 0.21363%, 0, 0, 0, 1.49, 171, 0, 0.21363%, 140, 65535
1645571724, 0, 0, 35, 0, 0, 0.21363%, 0, 0, 0, 2.58, 172, 0, 0.21363%, 140, 65535
1645571724, 0, 0, 35, 0, 0, 0.21363%, 0, 0, 0, 1.60, 173, 0, 0.21363%, 140, 65535
1645571725, 0, 0, 36, 0, 0, 0.21363%, 0, 0, 0, 1.35, 174, 0, 0.21363%, 140, 65535
1645571726, 0, 0, 36, 0, 0, 0.21363%, 0, 0, 0, 2.39, 175, 0, 0.21363%, 140, 65535
1645571726, 0, 0, 36, 0, 0, 0.21363%, 0, 0, 0, 2.06, 176, 0, 0.21363%, 140, 65535
1645571727, 0, 0, 36, 0, 0, 0.21363%, 0, 0, 0, 1.42, 177, 0, 0.21363%, 140, 65535
1645571727, 0, 0, 36, 0, 0, 0.21363%, 0, 0, 0, 1.49, 178, 0, 0.21363%, 140, 65535
1645571728, 0, 0, 36, 0, 0, 0.21363%, 0, 0, 0, 1.89, 179, 0, 0.21363%, 140, 65535
1645571729, 0, 0, 36, 0, 0, 0.21363%, 0, 0, 0, 1.57, 181, 0, 0.21363%, 140, 65535
1645571730, 0, 0, 36, 0, 0, 0.21363%, 0, 0, 0, 1.65, 183, 0, 0.21363%, 140, 65535
1645571731, 0, 0, 36, 0, 0, 0.21363%, 0, 0, 0, 1.47, 184, 0, 0.21363%, 140, 65535
1645571732, 0, 0, 36, 0, 0, 0.21363%, 0, 0, 0, 1.25, 185, 0, 0.21363%, 140, 65535
1645571733, 0, 0, 36, 0, 0, 0.21363%, 0, 0, 0, 1.70, 186, 0, 0.21363%, 140, 65535
1645571733, 0, 0, 36, 0, 0, 0.21363%, 0, 0, 0, 1.19, 187, 0, 0.21363%, 140, 65535
1645571734, 0, 0, 36, 0, 0, 0.21363%, 0, 0, 0, 1.71, 188, 0, 0.21363%, 140, 65535
1645571734, 0, 0, 36, 0, 0, 0.21363%, 0, 0, 0, 1.97, 189, 0, 0.21363%, 140, 65535
1645571735, 0, 0, 36, 0, 0, 0.21363%, 0, 0, 0, 1.75, 190, 0, 0.21363%, 140, 65535
1645571736, 0, 0, 36, 0, 0, 0.21363%, 0, 0, 0, 2.17, 192, 0, 0.21363%, 140, 65535
1645571737, 0, 0, 36, 0, 0, 0.21363%, 0, 0, 0, 1.28, 193, 0, 0.21363%, 140, 65535
1645571737, 0, 0, 36, 0, 0, 0.21363%, 0, 0, 0, 1.96, 194, 0, 0.21363%, 140, 65535
1645571738, 0, 0, 36, 0, 0, 0.21363%, 0, 0, 0, 1.47, 195, 0, 0.21363%, 140, 65535
1645571738, 0, 0, 36, 0, 0, 0.21363%, 0, 0, 0, 5.70, 197, 0, 0.21363%, 140, 65535
1645571739, 0, 0, 36, 0, 0, 0.21363%, 0, 0, 0, 3.26, 199, 0, 0.21363%, 140, 65535
1645571741, 0, 0, 37, 0, 0, 0.21363%, 0, 0, 0, 1.24, 201, 0, 0.21363%, 140, 65535
1645571741, 0, 0, 38, 0, 0, 0.21363%, 0, 0, 0, 3.03, 203, 0, 0.21363%, 140, 65535
1645571742, 0, 0, 39, 0, 0, 0.21668%, 0, 0, 0, 1.45, 204, 0, 0.21668%, 142, 65535
1645571744, 0, 0, 40, 0, 0, 0.21668%, 0, 0, 0, 0.58, 205, 0, 0.21668%, 142, 65535
1645571745, 0, 0, 41, 0, 0, 0.21668%, 0, 0, 0, 1.06, 206, 0, 0.21668%, 142, 65535
1645571745, 0, 0, 42, 0, 0, 0.21668%, 0, 0, 0, 1.41, 207, 0, 0.21668%, 142, 65535
1645571746, 0, 0, 42, 0, 0, 0.21668%, 0, 0, 0, 1.90, 208, 0, 0.21668%, 142, 65535
1645571747, 0, 0, 42, 0, 0, 0.21668%, 0, 0, 0, 0.85, 209, 0, 0.21668%, 142, 65535
1645571749, 0, 0, 43, 0, 0, 0.21668%, 0, 0, 0, 0.59, 210, 0, 0.21668%, 142, 65535
1645571749, 0, 0, 43, 0, 0, 0.21668%, 0, 0, 0, 1.77, 211, 0, 0.21668%, 142, 65535
1645571750, 0, 0, 43, 0, 0, 0.21668%, 0, 0, 0, 1.69, 212, 0, 0.21668%, 142, 65535
1645571751, 0, 0, 43, 0, 0, 0.21668%, 0, 0, 0, 0.64, 213, 0, 0.21668%, 142, 65535
1645571753, 0, 0, 43, 0, 0, 0.21668%, 0, 0, 0, 0.81, 214, 0, 0.21668%, 142, 65535
1645571753, 0, 0, 44, 0, 0, 0.21668%, 0, 0, 0, 2.17, 215, 0, 0.21668%, 142, 65535
1645571754, 0, 0, 44, 0, 0, 0.21668%, 0, 0, 0, 1.12, 216, 0, 0.21668%, 142, 65535
1645571755, 0, 0, 44, 0, 0, 0.21668%, 0, 0, 0, 1.28, 217, 0, 0.21668%, 142, 65535
1645571756, 0, 0, 44, 0, 0, 0.21668%, 0, 0, 0, 0.94, 218, 0, 0.21668%, 142, 65535
1645571756, 0, 0, 44, 0, 0, 0.21668%, 0, 0, 0, 1.51, 219, 0, 0.21668%, 142, 65535
1645571758, 0, 0, 44, 0, 0, 0.21668%, 0, 0, 0, 0.95, 220, 0, 0.21668%, 142, 65535
1645571759, 0, 0, 45, 0, 0, 0.21668%, 0, 0, 0, 0.70, 221, 0, 0.21668%, 142, 65535
1645571761, 0, 0, 45, 0, 0, 0.21668%, 0, 0, 0, 0.63, 222, 0, 0.21668%, 142, 65535
1645571761, 0, 0, 46, 0, 0, 0.21668%, 0, 0, 0, 1.17, 223, 0, 0.21668%, 142, 65535
1645571762, 0, 0, 46, 0, 0, 0.21668%, 0, 0, 0, 1.25, 224, 0, 0.21668%, 142, 65535
1645571763, 0, 0, 46, 0, 0, 0.21668%, 0, 0, 0, 0.90, 225, 0, 0.21668%, 142, 65535
1645571765, 0, 0, 46, 0, 0, 0.21668%, 0, 0, 0, 0.65, 226, 0, 0.21668%, 142, 65535
1645571766, 0, 0, 46, 0, 0, 0.21668%, 0, 0, 0, 1.27, 227, 0, 0.21668%, 142, 65535
1645571766, 0, 0, 46, 0, 0, 0.21668%, 0, 0, 0, 1.24, 228, 0, 0.21668%, 142, 65535
1645571767, 0, 0, 47, 0, 0, 0.21668%, 0, 0, 0, 1.10, 229, 0, 0.21668%, 142, 65535
1645571768, 0, 0, 47, 0, 0, 0.21668%, 0, 0, 0, 1.18, 230, 0, 0.21668%, 142, 65535
1645571769, 0, 0, 47, 0, 0, 0.21668%, 0, 0, 0, 1.22, 231, 0, 0.21668%, 142, 65535
1645571770, 0, 0, 47, 0, 0, 0.21668%, 0, 0, 0, 0.91, 232, 0, 0.21668%, 142, 65535
1645571772, 0, 0, 47, 0, 0, 0.21668%, 0, 0, 0, 0.69, 233, 0, 0.21668%, 142, 65535
1645571773, 0, 0, 47, 0, 0, 0.21668%, 0, 0, 0, 0.82, 234, 0, 0.21668%, 142, 65535
1645571774, 0, 0, 47, 0, 0, 0.21668%, 0, 0, 0, 1.27, 235, 0, 0.21668%, 142, 65535
1645571774, 0, 0, 47, 0, 0, 0.21668%, 0, 0, 0, 1.12, 236, 0, 0.21668%, 142, 65535
1645571775, 0, 0, 47, 0, 0, 0.21668%, 0, 0, 0, 1.11, 237, 0, 0.21668%, 142, 65535
1645571776, 0, 0, 47, 0, 0, 0.21668%, 0, 0, 0, 0.90, 238, 0, 0.21668%, 142, 65535
1645571777, 0, 0, 47, 0, 0, 0.21668%, 0, 0, 0, 1.79, 239, 0, 0.21668%, 142, 65535
1645571778, 0, 0, 48, 0, 0, 0.21668%, 0, 0, 0, 0.80, 240, 0, 0.21668%, 142, 65535
1645571779, 0, 0, 48, 0, 0, 0.21668%, 0, 0, 0, 1.09, 241, 0, 0.21668%, 142, 65535
1645571780, 0, 0, 48, 0, 0, 0.21668%, 0, 0, 0, 1.68, 242, 0, 0.21668%, 142, 65535
1645571781, 0, 0, 48, 0, 0, 0.21668%, 0, 0, 0, 1.41, 243, 0, 0.21668%, 142, 65535
1645571781, 0, 0, 48, 0, 0, 0.21668%, 0, 0, 0, 1.82, 244, 0, 0.21668%, 142, 65535
1645571782, 0, 0, 49, 0, 0, 0.21668%, 0, 0, 0, 0.79, 245, 0, 0.21668%, 142, 65535
1645571784, 0, 0, 50, 0, 0, 0.21668%, 0, 0, 0, 0.66, 246, 0, 0.21668%, 142, 65535
1645571784, 0, 0, 50, 0, 0, 0.21668%, 0, 0, 0, 2.12, 247, 0, 0.21668%, 142, 65535
1645571786, 0, 0, 50, 0, 0, 0.21668%, 0, 0, 0, 0.67, 248, 0, 0.21668%, 142, 65535
1645571787, 0, 0, 50, 0, 0, 0.21668%, 0, 0, 0, 0.63, 249, 0, 0.21668%, 142, 65535
1645571789, 0, 0, 50, 0, 0, 0.21668%, 0, 0, 0, 0.79, 250, 0, 0.21668%, 142, 65535
1645571790, 0, 0, 50, 0, 0, 0.21668%, 0, 0, 0, 0.92, 251, 0, 0.21668%, 142, 65535
1645571790, 0, 0, 50, 0, 0, 0.21668%, 0, 0, 0, 1.57, 252, 0, 0.21668%, 142, 65535
1645571791, 0, 0, 50, 0, 0, 0.21668%, 0, 0, 0, 1.88, 253, 0, 0.21668%, 142, 65535
1645571792, 0, 0, 50, 0, 0, 0.21668%, 0, 0, 0, 0.72, 254, 0, 0.21668%, 142, 65535
1645571793, 0, 0, 50, 0, 0, 0.21668%, 0, 0, 0, 0.90, 255, 0, 0.21668%, 142, 65535
1645571794, 0, 0, 50, 0, 0, 0.21668%, 0, 0, 0, 3.92, 257, 0, 0.21668%, 142, 65535
1645571795, 0, 0, 50, 0, 0, 0.21668%, 0, 0, 0, 1.27, 258, 0, 0.21668%, 142, 65535
1645571796, 0, 0, 50, 0, 0, 0.21668%, 0, 0, 0, 1.21, 259, 0, 0.21668%, 142, 65535
1645571797, 0, 0, 50, 0, 0, 0.21668%, 0, 0, 0, 0.66, 260, 0, 0.21668%, 142, 65535
1645571798, 0, 0, 50, 0, 0, 0.21668%, 0, 0, 0, 1.33, 261, 0, 0.21668%, 142, 65535
1645571799, 0, 0, 50, 0, 0, 0.21668%, 0, 0, 0, 1.27, 262, 0, 0.21668%, 142, 65535
1645571800, 0, 0, 50, 0, 0, 0.21668%, 0, 0, 0, 0.70, 263, 0, 0.21668%, 142, 65535
1645571802, 0, 0, 50, 0, 0, 0.21668%, 0, 0, 0, 0.61, 264, 0, 0.21668%, 142, 65535
1645571803, 0, 0, 50, 0, 0, 0.21668%, 0, 0, 0, 1.23, 265, 0, 0.21668%, 142, 65535
1645571804, 0, 0, 50, 0, 0, 0.21668%, 0, 0, 0, 0.83, 266, 0, 0.21668%, 142, 65535
1645571804, 0, 0, 50, 0, 0, 0.21668%, 0, 0, 0, 1.44, 267, 0, 0.21668%, 142, 65535
1645571805, 0, 0, 50, 0, 0, 0.21668%, 0, 0, 0, 1.14, 268, 0, 0.21668%, 142, 65535
1645571807, 0, 0, 50, 0, 0, 0.21668%, 0, 0, 0, 0.69, 269, 0, 0.21668%, 142, 65535
1645571807, 0, 0, 50, 0, 0, 0.21668%, 0, 0, 0, 1.81, 270, 0, 0.21668%, 142, 65535
1645571808, 0, 0, 50, 0, 0, 0.21668%, 0, 0, 0, 1.78, 271, 0, 0.21668%, 142, 65535
1645571808, 0, 0, 50, 0, 0, 0.21668%, 0, 0, 0, 1.90, 272, 0, 0.21668%, 142, 65535
1645571810, 0, 0, 51, 0, 0, 0.21668%, 0, 0, 0, 1.01, 274, 0, 0.21668%, 142, 65535
1645571812, 0, 0, 51, 0, 0, 0.21668%, 0, 0, 0, 0.57, 275, 0, 0.21668%, 142, 65535
1645571815, 0, 0, 52, 0, 0, 0.21668%, 0, 0, 0, 0.33, 276, 0, 0.21668%, 142, 65535
1645571816, 0, 0, 52, 0, 0, 0.21668%, 0, 0, 0, 2.02, 277, 0, 0.21668%, 142, 65535
1645571817, 0, 0, 52, 0, 0, 0.21668%, 0, 0, 0, 0.70, 278, 0, 0.21668%, 142, 65535
1645571819, 0, 0, 52, 0, 0, 0.21668%, 0, 0, 0, 0.57, 279, 0, 0.21668%, 142, 65535
1645571819, 0, 0, 52, 0, 0, 0.21668%, 0, 0, 0, 2.63, 280, 0, 0.21668%, 142, 65535
1645571820, 0, 0, 52, 0, 0, 0.21668%, 0, 0, 0, 2.09, 281, 0, 0.21668%, 142, 65535
1645571821, 0, 0, 52, 0, 0, 0.21668%, 0, 0, 0, 0.73, 282, 0, 0.21668%, 142, 65535
1645571822, 0, 0, 52, 0, 0, 0.21668%, 0, 0, 0, 0.69, 283, 0, 0.21668%, 142, 65535
1645571823, 0, 0, 52, 0, 0, 0.21668%, 0, 0, 0, 1.68, 284, 0, 0.21668%, 142, 65535
1645571824, 0, 0, 52, 0, 0, 0.21668%, 0, 0, 0, 1.90, 285, 0, 0.21668%, 142, 65535
1645571825, 0, 0, 52, 0, 0, 0.21668%, 0, 0, 0, 1.02, 286, 0, 0.21668%, 142, 65535
1645571825, 0, 0, 52, 0, 0, 0.21668%, 0, 0, 0, 1.75, 287, 0, 0.21668%, 142, 65535
1645571827, 0, 0, 52, 0, 0, 0.21668%, 0, 0, 0, 0.59, 288, 0, 0.21668%, 142, 65535
1645571828, 0, 0, 52, 0, 0, 0.21668%, 0, 0, 0, 0.74, 289, 0, 0.21668%, 142, 65535
1645571829, 0, 0, 52, 0, 0, 0.21668%, 0, 0, 0, 2.43, 290, 0, 0.21668%, 142, 65535
1645571830, 0, 0, 52, 0, 0, 0.21668%, 0, 0, 0, 1.01, 291, 0, 0.21668%, 142, 65535
1645571830, 0, 0, 52, 0, 0, 0.21668%, 0, 0, 0, 1.60, 292, 0, 0.21668%, 142, 65535
1645571831, 0, 0, 52, 0, 0, 0.21668%, 0, 0, 0, 0.86, 293, 0, 0.21668%, 142, 65535
1645571832, 0, 0, 53, 0, 0, 0.21668%, 0, 0, 0, 1.39, 294, 0, 0.21668%, 142, 65535
1645571833, 0, 0, 53, 0, 0, 0.21668%, 0, 0, 0, 1.74, 295, 0, 0.21668%, 142, 65535
1645571835, 0, 0, 53, 0, 0, 0.21668%, 0, 0, 0, 0.52, 296, 0, 0.21668%, 142, 65535
1645571836, 0, 0, 53, 0, 0, 0.21668%, 0, 0, 0, 0.99, 297, 0, 0.21668%, 142, 65535
1645571836, 0, 0, 53, 0, 0, 0.21668%, 0, 0, 0, 2.25, 298, 0, 0.21668%, 142, 65535
1645571837, 0, 0, 53, 0, 0, 0.21668%, 0, 0, 0, 1.96, 299, 0, 0.21668%, 142, 65535
1645571838, 0, 0, 53, 0, 0, 0.21668%, 0, 0, 0, 1.01, 300, 0, 0.21668%, 142, 65535
1645571839, 0, 0, 53, 0, 0, 0.21668%, 0, 0, 0, 1.04, 301, 0, 0.21668%, 142, 65535
1645571839, 0, 0, 53, 0, 0, 0.21668%, 0, 0, 0, 1.33, 302, 0, 0.21668%, 142, 65535
1645571841, 0, 0, 53, 0, 0, 0.21668%, 0, 0, 0, 0.56, 303, 0, 0.21668%, 142, 65535
1645571842, 0, 0, 53, 0, 0, 0.21668%, 0, 0, 0, 1.90, 304, 0, 0.21668%, 142, 65535
1645571842, 0, 0, 53, 0, 0, 0.21668%, 0, 0, 0, 1.87, 305, 0, 0.21668%, 142, 65535
1645571843, 0, 0, 53, 0, 0, 0.21668%, 0, 0, 0, 1.00, 306, 0, 0.21668%, 142, 65535
1645571844, 0, 0, 53, 0, 0, 0.21668%, 0, 0, 0, 1.13, 307, 0, 0.21668%, 142, 65535
1645571846, 0, 0, 53, 0, 0, 0.21668%, 0, 0, 0, 0.66, 308, 0, 0.21668%, 142, 65535
1645571846, 0, 0, 53, 0, 0, 0.21668%, 0, 0, 0, 1.08, 309, 0, 0.21668%, 142, 65535
1645571847, 0, 0, 53, 0, 0, 0.21668%, 0, 0, 0, 1.34, 310, 0, 0.21668%, 142, 65535
1645571849, 0, 0, 54, 0, 0, 0.21668%, 0, 0, 0, 0.54, 311, 0, 0.21668%, 142, 65535
1645571850, 0, 0, 54, 0, 0, 0.21668%, 0, 0, 0, 0.73, 312, 0, 0.21668%, 142, 65535
1645571851, 0, 0, 54, 0, 0, 0.21668%, 0, 0, 0, 1.56, 313, 0, 0.21668%, 142, 65535
1645571852, 0, 0, 54, 0, 0, 0.21668%, 0, 0, 0, 0.92, 314, 0, 0.21668%, 142, 65535
1645571854, 0, 0, 54, 0, 0, 0.21668%, 0, 0, 0, 0.64, 315, 0, 0.21668%, 142, 65535
1645571855, 0, 0, 55, 0, 0, 0.21668%, 0, 0, 0, 0.72, 316, 0, 0.21668%, 142, 65535
1645571856, 0, 0, 55, 0, 0, 0.21668%, 0, 0, 0, 1.37, 317, 0, 0.21668%, 142, 65535
1645571857, 0, 0, 55, 0, 0, 0.21668%, 0, 0, 0, 1.36, 318, 0, 0.21668%, 142, 65535
1645571858, 0, 0, 55, 0, 0, 0.21668%, 0, 0, 0, 0.62, 319, 0, 0.21668%, 142, 65535
1645571859, 0, 0, 55, 0, 0, 0.21668%, 0, 0, 0, 0.82, 320, 0, 0.21668%, 142, 65535
1645571860, 0, 0, 55, 0, 0, 0.21668%, 0, 0, 0, 1.32, 321, 0, 0.21668%, 142, 65535
1645571861, 0, 0, 55, 0, 0, 0.21668%, 0, 0, 0, 0.94, 322, 0, 0.21668%, 142, 65535
1645571863, 0, 0, 55, 0, 0, 0.21668%, 0, 0, 0, 0.79, 323, 0, 0.21668%, 142, 65535
1645571863, 0, 0, 55, 0, 0, 0.21668%, 0, 0, 0, 1.04, 324, 0, 0.21668%, 142, 65535
1645571864, 0, 0, 55, 0, 0, 0.21668%, 0, 0, 0, 1.47, 325, 0, 0.21668%, 142, 65535
1645571865, 0, 0, 55, 0, 0, 0.21668%, 0, 0, 0, 1.72, 326, 0, 0.21668%, 142, 65535
1645571866, 0, 0, 55, 0, 0, 0.21668%, 0, 0, 0, 1.08, 327, 0, 0.21668%, 142, 65535
1645571867, 0, 0, 55, 0, 0, 0.21668%, 0, 0, 0, 1.15, 328, 0, 0.21668%, 142, 65535
1645571867, 0, 0, 55, 0, 0, 0.21668%, 0, 0, 0, 1.30, 329, 0, 0.21668%, 142, 65535
1645571869, 0, 0, 55, 0, 0, 0.21668%, 0, 0, 0, 0.67, 330, 0, 0.21668%, 142, 65535
1645571870, 0, 0, 55, 0, 0, 0.21668%, 0, 0, 0, 1.36, 331, 0, 0.21668%, 142, 65535
1645571871, 0, 0, 55, 0, 0, 0.21668%, 0, 0, 0, 0.64, 332, 0, 0.21668%, 142, 65535
1645571872, 0, 0, 55, 0, 0, 0.21668%, 0, 0, 0, 1.10, 333, 0, 0.21668%, 142, 65535
1645571873, 0, 0, 55, 0, 0, 0.21668%, 0, 0, 0, 1.20, 334, 0, 0.21668%, 142, 65535
1645571873, 0, 0, 55, 0, 0, 0.21668%, 0, 0, 0, 1.89, 335, 0, 0.21668%, 142, 65535
1645571875, 0, 0, 55, 0, 0, 0.21668%, 0, 0, 0, 0.53, 336, 0, 0.21668%, 142, 65535
1645571876, 0, 0, 56, 0, 0, 0.21668%, 0, 0, 0, 0.89, 337, 0, 0.21668%, 142, 65535
1645571878, 0, 0, 56, 0, 0, 0.21668%, 0, 0, 0, 0.81, 338, 0, 0.21668%, 142, 65535
1645571878, 0, 0, 56, 0, 0, 0.21668%, 0, 0, 0, 1.20, 339, 0, 0.21668%, 142, 65535
1645571879, 0, 0, 56, 0, 0, 0.21668%, 0, 0, 0, 1.14, 340, 0, 0.21668%, 142, 65535
1645571880, 0, 0, 56, 0, 0, 0.21668%, 0, 0, 0, 2.25, 341, 0, 0.21668%, 142, 65535
1645571881, 0, 0, 56, 0, 0, 0.21668%, 0, 0, 0, 1.20, 342, 0, 0.21668%, 142, 65535
1645571881, 0, 0, 56, 0, 0, 0.21668%, 0, 0, 0, 1.54, 343, 0, 0.21668%, 142, 65535
1645571882, 0, 0, 56, 0, 0, 0.21668%, 0, 0, 0, 1.60, 344, 0, 0.21668%, 142, 65535
1645571882, 0, 0, 56, 0, 0, 0.21668%, 0, 0, 0, 1.82, 345, 0, 0.21668%, 142, 65535
1645571883, 0, 0, 56, 0, 0, 0.21668%, 0, 0, 0, 1.98, 346, 0, 0.21668%, 142, 65535
1645571883, 0, 0, 56, 0, 0, 0.21668%, 0, 0, 0, 2.26, 347, 0, 0.21668%, 142, 65535
1645571884, 0, 0, 56, 0, 0, 0.21668%, 0, 0, 0, 1.70, 348, 0, 0.21668%, 142, 65535
1645571885, 0, 0, 56, 0, 0, 0.21668%, 0, 0, 0, 1.65, 349, 0, 0.21668%, 142, 65535
1645571886, 0, 0, 56, 0, 0, 0.21668%, 0, 0, 0, 0.69, 350, 0, 0.21668%, 142, 65535
1645571887, 0, 0, 56, 0, 0, 0.21668%, 0, 0, 0, 1.82, 351, 0, 0.21668%, 142, 65535
1645571888, 0, 0, 56, 0, 0, 0.21668%, 0, 0, 0, 0.53, 352, 0, 0.21668%, 142, 65535
1645571889, 0, 0, 56, 0, 0, 0.21668%, 0, 0, 0, 1.72, 353, 0, 0.21668%, 142, 65535
1645571890, 0, 0, 56, 0, 0, 0.21668%, 0, 0, 0, 0.88, 354, 0, 0.21668%, 142, 65535
1645571891, 0, 0, 56, 0, 0, 0.21668%, 0, 0, 0, 1.70, 355, 0, 0.21668%, 142, 65535
1645571891, 0, 0, 56, 0, 0, 0.21668%, 0, 0, 0, 2.45, 356, 0, 0.21668%, 142, 65535
1645571892, 0, 0, 56, 0, 0, 0.21668%, 0, 0, 0, 0.77, 357, 0, 0.21668%, 142, 65535
1645571893, 0, 0, 56, 0, 0, 0.21668%, 0, 0, 0, 1.13, 358, 0, 0.21668%, 142, 65535
1645571894, 0, 0, 56, 0, 0, 0.21668%, 0, 0, 0, 1.14, 359, 0, 0.21668%, 142, 65535
1645571895, 0, 0, 56, 0, 0, 0.21668%, 0, 0, 0, 1.42, 360, 0, 0.21668%, 142, 65535
1645571896, 0, 0, 56, 0, 0, 0.21668%, 0, 0, 0, 1.66, 361, 0, 0.21668%, 142, 65535
1645571896, 0, 0, 56, 0, 0, 0.21668%, 0, 0, 0, 1.96, 362, 0, 0.21668%, 142, 65535
1645571897, 0, 0, 56, 0, 0, 0.21668%, 0, 0, 0, 0.84, 363, 0, 0.21668%, 142, 65535
1645571898, 0, 0, 56, 0, 0, 0.21668%, 0, 0, 0, 2.43, 364, 0, 0.21668%, 142, 65535
1645571900, 0, 0, 57, 0, 0, 0.21668%, 0, 0, 0, 0.40, 365, 0, 0.21668%, 142, 65535
1645571901, 0, 0, 57, 0, 0, 0.21668%, 0, 0, 0, 1.12, 366, 0, 0.21668%, 142, 65535
1645571902, 0, 0, 57, 0, 0, 0.21668%, 0, 0, 0, 1.73, 367, 0, 0.21668%, 142, 65535
1645571904, 0, 0, 57, 0, 0, 0.21668%, 0, 0, 0, 0.36, 368, 0, 0.21668%, 142, 65535
1645571906, 0, 0, 57, 0, 0, 0.21668%, 0, 0, 0, 0.64, 369, 0, 0.21668%, 142, 65535
1645571907, 0, 0, 58, 0, 0, 0.21668%, 0, 0, 0, 0.68, 370, 0, 0.21668%, 142, 65535
1645571910, 0, 0, 58, 0, 0, 0.21668%, 0, 0, 0, 0.41, 371, 0, 0.21668%, 142, 65535
1645571911, 0, 0, 58, 0, 0, 0.21668%, 0, 0, 0, 0.85, 372, 0, 0.21668%, 142, 65535
1645571912, 0, 0, 58, 0, 0, 0.21668%, 0, 0, 0, 0.86, 373, 0, 0.21668%, 142, 65535
1645571913, 0, 0, 58, 0, 0, 0.21668%, 0, 0, 0, 1.07, 374, 0, 0.21668%, 142, 65535
1645571914, 0, 0, 58, 0, 0, 0.21668%, 0, 0, 0, 1.15, 375, 0, 0.21668%, 142, 65535
1645571915, 0, 0, 58, 0, 0, 0.21668%, 0, 0, 0, 1.17, 376, 0, 0.21668%, 142, 65535
1645571915, 0, 0, 58, 0, 0, 0.21668%, 0, 0, 0, 2.02, 377, 0, 0.21668%, 142, 65535
1645571917, 0, 0, 58, 0, 0, 0.21668%, 0, 0, 0, 0.79, 378, 0, 0.21668%, 142, 65535
1645571917, 0, 0, 58, 0, 0, 0.21668%, 0, 0, 0, 1.68, 379, 0, 0.21668%, 142, 65535
1645571918, 0, 0, 58, 0, 0, 0.21668%, 0, 0, 0, 1.03, 380, 0, 0.21668%, 142, 65535
1645571919, 0, 0, 58, 0, 0, 0.21668%, 0, 0, 0, 1.36, 381, 0, 0.21668%, 142, 65535
1645571920, 0, 0, 58, 0, 0, 0.21668%, 0, 0, 0, 1.27, 382, 0, 0.21668%, 142, 65535
1645571921, 0, 0, 58, 0, 0, 0.21668%, 0, 0, 0, 0.88, 383, 0, 0.21668%, 142, 65535
1645571921, 0, 0, 58, 0, 0, 0.21668%, 0, 0, 0, 1.60, 384, 0, 0.21668%, 142, 65535
1645571923, 0, 0, 58, 0, 0, 0.21668%, 0, 0, 0, 0.74, 385, 0, 0.21668%, 142, 65535
1645571924, 0, 0, 58, 0, 0, 0.21668%, 0, 0, 0, 0.75, 386, 0, 0.21668%, 142, 65535
1645571925, 0, 0, 58, 0, 0, 0.21668%, 0, 0, 0, 1.15, 387, 0, 0.21668%, 142, 65535
1645571926, 0, 0, 58, 0, 0, 0.21668%, 0, 0, 0, 0.93, 388, 0, 0.21668%, 142, 65535
1645571927, 0, 0, 58, 0, 0, 0.21668%, 0, 0, 0, 0.75, 389, 0, 0.21668%, 142, 65535
1645571928, 0, 0, 58, 0, 0, 0.21668%, 0, 0, 0, 2.38, 390, 0, 0.21668%, 142, 65535
1645571929, 0, 0, 58, 0, 0, 0.21668%, 0, 0, 0, 0.78, 391, 0, 0.21668%, 142, 65535
1645571931, 0, 0, 58, 0, 0, 0.21668%, 0, 0, 0, 0.52, 392, 0, 0.21668%, 142, 65535
1645571932, 0, 0, 58, 0, 0, 0.21668%, 0, 0, 0, 1.47, 393, 0, 0.21668%, 142, 65535
1645571932, 0, 0, 58, 0, 0, 0.21668%, 0, 0, 0, 1.51, 394, 0, 0.21668%, 142, 65535
1645571933, 0, 0, 58, 0, 0, 0.21668%, 0, 0, 0, 1.08, 395, 0, 0.21668%, 142, 65535
1645571934, 0, 0, 58, 0, 0, 0.21668%, 0, 0, 0, 0.99, 396, 0, 0.21668%, 142, 65535
1645571935, 0, 0, 58, 0, 0, 0.21668%, 0, 0, 0, 0.98, 397, 0, 0.21668%, 142, 65535
1645571936, 0, 0, 58, 0, 0, 0.21668%, 0, 0, 0, 1.12, 398, 0, 0.21668%, 142, 65535
1645571938, 0, 0, 58, 0, 0, 0.21668%, 0, 0, 0, 0.62, 399, 0, 0.21668%, 142, 65535
1645571938, 0, 0, 58, 0, 0, 0.21668%, 0, 0, 0, 3.02, 400, 0, 0.21668%, 142, 65535
1645571939, 0, 0, 58, 0, 0, 0.21668%, 0, 0, 0, 3.16, 402, 0, 0.21668%, 142, 65535
1645571940, 0, 0, 58, 0, 0, 0.21668%, 0, 0, 0, 1.29, 403, 0, 0.21668%, 142, 65535
1645571940, 0, 0, 58, 0, 0, 0.21668%, 0, 0, 0, 1.17, 404, 0, 0.21668%, 142, 65535
1645571941, 0, 0, 59, 0, 0, 0.21668%, 0, 0, 0, 1.01, 405, 0, 0.21668%, 142, 65535
1645571942, 0, 0, 59, 0, 0, 0.21668%, 0, 0, 0, 3.52, 407, 0, 0.21668%, 142, 65535
1645571943, 0, 0, 59, 0, 0, 0.21668%, 0, 0, 0, 1.49, 408, 0, 0.21668%, 142, 65535
1645571943, 0, 0, 59, 0, 0, 0.21668%, 0, 0, 0, 2.51, 409, 0, 0.21668%, 142, 65535
1645571943, 0, 0, 59, 0, 0, 0.21668%, 0, 0, 0, 2.58, 410, 0, 0.21668%, 142, 65535
1645571944, 0, 0, 59, 0, 0, 0.21668%, 0, 0, 0, 4.07, 412, 0, 0.21668%, 142, 65535
1645571944, 0, 0, 59, 0, 0, 0.21668%, 0, 0, 0, 4.69, 414, 0, 0.21668%, 142, 65535
1645571945, 0, 0, 59, 0, 0, 0.21668%, 0, 0, 0, 2.49, 415, 0, 0.21668%, 142, 65535
1645571945, 0, 0, 59, 0, 0, 0.21668%, 0, 0, 0, 4.15, 417, 0, 0.21668%, 142, 65535
1645571946, 0, 0, 59, 0, 0, 0.21668%, 0, 0, 0, 3.51, 419, 0, 0.21668%, 142, 65535
1645571946, 0, 0, 59, 0, 0, 0.21668%, 0, 0, 0, 2.58, 420, 0, 0.21668%, 142, 65535
1645571947, 0, 0, 59, 0, 0, 0.21668%, 0, 0, 0, 3.53, 422, 0, 0.21668%, 142, 65535
1645571948, 0, 0, 59, 0, 0, 0.21668%, 0, 0, 0, 0.79, 423, 0, 0.21668%, 142, 65535
1645571949, 0, 0, 59, 0, 0, 0.21668%, 0, 0, 0, 1.82, 424, 0, 0.21668%, 142, 65535
1645571949, 0, 0, 59, 0, 0, 0.21668%, 0, 0, 0, 2.81, 425, 0, 0.21668%, 142, 65535
1645571950, 0, 0, 59, 0, 0, 0.21668%, 0, 0, 0, 1.37, 426, 0, 0.21668%, 142, 65535
1645571950, 0, 0, 59, 0, 0, 0.21668%, 0, 0, 0, 1.44, 427, 0, 0.21668%, 142, 65535
1645571951, 0, 0, 59, 0, 0, 0.21668%, 0, 0, 0, 2.73, 429, 0, 0.21668%, 142, 65535
1645571952, 0, 0, 59, 0, 0, 0.21668%, 0, 0, 0, 2.04, 430, 0, 0.21668%, 142, 65535
1645571952, 0, 0, 59, 0, 0, 0.21668%, 0, 0, 0, 1.98, 431, 0, 0.21668%, 142, 65535
1645571953, 0, 0, 59, 0, 0, 0.21668%, 0, 0, 0, 2.16, 433, 0, 0.21668%, 142, 65535
1645571954, 0, 0, 59, 0, 0, 0.21668%, 0, 0, 0, 1.21, 434, 0, 0.21668%, 142, 65535
1645571955, 0, 0, 59, 0, 0, 0.21668%, 0, 0, 0, 1.45, 435, 0, 0.21668%, 142, 65535
1645571955, 0, 0, 59, 0, 0, 0.21668%, 0, 0, 0, 1.51, 436, 0, 0.21668%, 142, 65535
1645571956, 0, 0, 59, 0, 0, 0.21668%, 0, 0, 0, 2.33, 437, 0, 0.21668%, 142, 65535
1645571956, 0, 0, 59, 0, 0, 0.21668%, 0, 0, 0, 2.89, 439, 0, 0.21668%, 142, 65535
1645571957, 0, 0, 59, 0, 0, 0.21668%, 0, 0, 0, 1.80, 440, 0, 0.21668%, 142, 65535
1645571957, 0, 0, 59, 0, 0, 0.21668%, 0, 0, 0, 1.61, 441, 0, 0.21668%, 142, 65535
1645571958, 0, 0, 59, 0, 0, 0.21668%, 0, 0, 0, 1.72, 442, 0, 0.21668%, 142, 65535
1645571959, 0, 0, 59, 0, 0, 0.21668%, 0, 0, 0, 3.28, 444, 0, 0.21668%, 142, 65535
1645571959, 0, 0, 59, 0, 0, 0.21668%, 0, 0, 0, 2.48, 445, 0, 0.21668%, 142, 65535
1645571960, 0, 0, 59, 0, 0, 0.21668%, 0, 0, 0, 1.38, 446, 0, 0.21668%, 142, 65535
1645571961, 0, 0, 59, 0, 0, 0.21668%, 0, 0, 0, 1.32, 447, 0, 0.21668%, 142, 65535
1645571961, 0, 0, 59, 0, 0, 0.21668%, 0, 0, 0, 4.35, 449, 0, 0.21668%, 142, 65535
1645571962, 0, 0, 59, 0, 0, 0.21668%, 0, 0, 0, 2.01, 450, 0, 0.21668%, 142, 65535
1645571962, 0, 0, 59, 0, 0, 0.21668%, 0, 0, 0, 1.49, 451, 0, 0.21668%, 142, 65535
1645571963, 0, 0, 59, 0, 0, 0.21668%, 0, 0, 0, 1.69, 452, 0, 0.21668%, 142, 65535
1645571963, 0, 0, 59, 0, 0, 0.21668%, 0, 0, 0, 1.67, 453, 0, 0.21668%, 142, 65535
1645571964, 0, 0, 59, 0, 0, 0.21668%, 0, 0, 0, 1.02, 454, 0, 0.21668%, 142, 65535
1645571966, 0, 0, 59, 0, 0, 0.21668%, 0, 0, 0, 0.74, 455, 0, 0.21668%, 142, 65535
1645571966, 0, 0, 59, 0, 0, 0.21668%, 0, 0, 0, 3.02, 456, 0, 0.21668%, 142, 65535
1645571966, 0, 0, 59, 0, 0, 0.21668%, 0, 0, 0, 2.85, 457, 0, 0.21668%, 142, 65535
1645571967, 0, 0, 59, 0, 0, 0.21668%, 0, 0, 0, 1.38, 458, 0, 0.21668%, 142, 65535
1645571967, 0, 0, 59, 0, 0, 0.21668%, 0, 0, 0, 3.07, 459, 0, 0.21668%, 142, 65535
1645571968, 0, 0, 59, 0, 0, 0.21668%, 0, 0, 0, 3.24, 460, 0, 0.21668%, 142, 65535
1645571968, 0, 0, 59, 0, 0, 0.21668%, 0, 0, 0, 4.76, 462, 0, 0.21668%, 142, 65535
1645571969, 0, 0, 59, 0, 0, 0.21668%, 0, 0, 0, 5.99, 464, 0, 0.21668%, 142, 65535
1645571969, 0, 0, 59, 0, 0, 0.21668%, 0, 0, 0, 3.70, 467, 0, 0.21668%, 142, 65535
1645571970, 0, 0, 59, 0, 0, 0.21668%, 0, 0, 0, 4.10, 469, 0, 0.21668%, 142, 65535
1645571970, 0, 0, 59, 0, 0, 0.21668%, 0, 0, 0, 6.31, 471, 0, 0.21668%, 142, 65535
1645571971, 0, 0, 59, 0, 0, 0.21668%, 0, 0, 0, 6.40, 474, 0, 0.21668%, 142, 65535
1645571971, 0, 0, 59, 0, 0, 0.21668%, 0, 0, 0, 3.14, 475, 0, 0.21668%, 142, 65535
1645571971, 0, 0, 59, 0, 0, 0.21668%, 0, 0, 0, 3.78, 477, 0, 0.21668%, 142, 65535
1645571972, 0, 0, 59, 0, 0, 0.21668%, 0, 0, 0, 2.78, 478, 0, 0.21668%, 142, 65535
1645571972, 0, 0, 59, 0, 0, 0.21668%, 0, 0, 0, 6.17, 480, 0, 0.21668%, 142, 65535
1645571973, 0, 0, 59, 0, 0, 0.21668%, 0, 0, 0, 1.08, 481, 0, 0.21668%, 142, 65535
1645571974, 0, 0, 59, 0, 0, 0.21668%, 0, 0, 0, 2.20, 482, 0, 0.21668%, 142, 65535
1645571974, 0, 0, 59, 0, 0, 0.21668%, 0, 0, 0, 2.24, 483, 0, 0.21668%, 142, 65535
1645571974, 0, 0, 59, 0, 0, 0.21668%, 0, 0, 0, 2.03, 484, 0, 0.21668%, 142, 65535
1645571975, 0, 0, 59, 0, 0, 0.21668%, 0, 0, 0, 1.53, 485, 0, 0.21668%, 142, 65535
1645571976, 0, 0, 59, 0, 0, 0.21668%, 0, 0, 0, 1.22, 486, 0, 0.21668%, 142, 65535
1645571977, 0, 0, 59, 0, 0, 0.21668%, 0, 0, 0, 2.45, 488, 0, 0.21668%, 142, 65535
1645571978, 0, 0, 59, 0, 0, 0.21668%, 0, 0, 0, 1.20, 489, 0, 0.21668%, 142, 65535
1645571978, 0, 0, 59, 0, 0, 0.21668%, 0, 0, 0, 1.50, 490, 0, 0.21668%, 142, 65535
1645571979, 0, 0, 59, 0, 0, 0.21668%, 0, 0, 0, 2.48, 491, 0, 0.21668%, 142, 65535
1645571979, 0, 0, 59, 0, 0, 0.21668%, 0, 0, 0, 1.38, 492, 0, 0.21668%, 142, 65535
1645571980, 0, 0, 59, 0, 0, 0.21668%, 0, 0, 0, 3.86, 494, 0, 0.21668%, 142, 65535
1645571980, 0, 0, 59, 0, 0, 0.21668%, 0, 0, 0, 2.53, 495, 0, 0.21668%, 142, 65535
1645571981, 0, 0, 59, 0, 0, 0.21668%, 0, 0, 0, 4.25, 497, 0, 0.21668%, 142, 65535
1645571981, 0, 0, 59, 0, 0, 0.21668%, 0, 0, 0, 3.57, 499, 0, 0.21668%, 142, 65535
1645571982, 0, 0, 59, 0, 0, 0.21668%, 0, 0, 0, 1.52, 500, 0, 0.21668%, 142, 65535
1645571982, 0, 0, 59, 0, 0, 0.21668%, 0, 0, 0, 5.83, 502, 0, 0.21668%, 142, 65535
1645571983, 0, 0, 60, 0, 0, 0.21668%, 0, 0, 0, 1.48, 503, 0, 0.21668%, 142, 65535
1645571983, 0, 0, 60, 0, 0, 0.21668%, 0, 0, 0, 6.15, 505, 0, 0.21668%, 142, 65535
1645571984, 0, 0, 60, 0, 0, 0.21668%, 0, 0, 0, 4.12, 507, 0, 0.21668%, 142, 65535
1645571984, 0, 0, 60, 0, 0, 0.21668%, 0, 0, 0, 3.40, 509, 0, 0.21668%, 142, 65535
1645571985, 0, 0, 60, 0, 0, 0.21668%, 0, 0, 0, 1.88, 510, 0, 0.21668%, 142, 65535
1645571985, 0, 0, 60, 0, 0, 0.21668%, 0, 0, 0, 2.52, 511, 0, 0.21668%, 142, 65535
1645571986, 0, 0, 60, 0, 0, 0.21668%, 0, 0, 0, 2.64, 513, 0, 0.21668%, 142, 65535
1645571987, 0, 0, 60, 0, 0, 0.21668%, 0, 0, 0, 1.36, 514, 0, 0.21668%, 142, 65535
1645571988, 0, 0, 60, 0, 0, 0.21668%, 0, 0, 0, 2.16, 516, 0, 0.21668%, 142, 65535
1645571988, 0, 0, 60, 0, 0, 0.21668%, 0, 0, 0, 1.88, 517, 0, 0.21668%, 142, 65535
1645571989, 0, 0, 60, 0, 0, 0.21668%, 0, 0, 0, 3.98, 519, 0, 0.21668%, 142, 65535
1645571989, 0, 0, 60, 0, 0, 0.21668%, 0, 0, 0, 3.62, 521, 0, 0.21668%, 142, 65535
1645571990, 0, 0, 60, 0, 0, 0.21668%, 0, 0, 0, 2.46, 522, 0, 0.21668%, 142, 65535
1645571990, 0, 0, 60, 0, 0, 0.21668%, 0, 0, 0, 3.17, 524, 0, 0.21668%, 142, 65535
1645571992, 0, 0, 60, 0, 0, 0.21668%, 0, 0, 0, 0.80, 525, 0, 0.21668%, 142, 65535
1645571992, 0, 0, 60, 0, 0, 0.21668%, 0, 0, 0, 2.76, 527, 0, 0.21668%, 142, 65535
1645571993, 0, 0, 60, 0, 0, 0.21668%, 0, 0, 0, 1.54, 528, 0, 0.21668%, 142, 65535
1645571993, 0, 0, 60, 0, 0, 0.21668%, 0, 0, 0, 6.37, 530, 0, 0.21668%, 142, 65535
1645571994, 0, 0, 60, 0, 0, 0.21668%, 0, 0, 0, 2.26, 531, 0, 0.21668%, 142, 65535
1645571994, 0, 0, 60, 0, 0, 0.21668%, 0, 0, 0, 4.27, 533, 0, 0.21668%, 142, 65535
1645571995, 0, 0, 60, 0, 0, 0.21668%, 0, 0, 0, 3.97, 535, 0, 0.21668%, 142, 65535
1645571995, 0, 0, 60, 0, 0, 0.21668%, 0, 0, 0, 5.42, 537, 0, 0.21668%, 142, 65535
1645571996, 0, 0, 60, 0, 0, 0.21668%, 0, 0, 0, 1.93, 538, 0, 0.21668%, 142, 65535
1645571996, 0, 0, 60, 0, 0, 0.21668%, 0, 0, 0, 1.48, 539, 0, 0.21668%, 142, 65535
1645571997, 0, 0, 60, 0, 0, 0.21668%, 0, 0, 0, 1.57, 540, 0, 0.21668%, 142, 65535
1645571998, 0, 0, 60, 0, 0, 0.21668%, 0, 0, 0, 1.67, 541, 0, 0.21668%, 142, 65535
1645571998, 0, 0, 60, 0, 0, 0.21668%, 0, 0, 0, 3.88, 543, 0, 0.21668%, 142, 65535
1645571999, 0, 0, 60, 0, 0, 0.21668%, 0, 0, 0, 1.74, 544, 0, 0.21668%, 142, 65535
1645571999, 0, 0, 60, 0, 0, 0.21668%, 0, 0, 0, 1.66, 545, 0, 0.21668%, 142, 65535
1645572000, 0, 0, 60, 0, 0, 0.21668%, 0, 0, 0, 2.42, 546, 0, 0.21668%, 142, 65535
1645572000, 0, 0, 60, 0, 0, 0.21668%, 0, 0, 0, 2.74, 548, 0, 0.21668%, 142, 65535
1645572001, 0, 0, 60, 0, 0, 0.21668%, 0, 0, 0, 2.18, 549, 0, 0.21668%, 142, 65535
1645572001, 0, 0, 60, 0, 0, 0.21668%, 0, 0, 0, 2.13, 550, 0, 0.21668%, 142, 65535
1645572002, 0, 0, 60, 0, 0, 0.21668%, 0, 0, 0, 2.38, 552, 0, 0.21668%, 142, 65535
1645572002, 0, 0, 60, 0, 0, 0.21668%, 0, 0, 0, 6.13, 554, 0, 0.21668%, 142, 65535
1645572003, 0, 0, 60, 0, 0, 0.21668%, 0, 0, 0, 1.09, 555, 0, 0.21668%, 142, 65535
1645572004, 0, 0, 60, 0, 0, 0.21668%, 0, 0, 0, 0.90, 556, 0, 0.21668%, 142, 65535
1645572005, 0, 0, 60, 0, 0, 0.21668%, 0, 0, 0, 1.89, 557, 0, 0.21668%, 142, 65535
1645572005, 0, 0, 60, 0, 0, 0.21668%, 0, 0, 0, 2.20, 558, 0, 0.21668%, 142, 65535
1645572006, 0, 0, 60, 0, 0, 0.21668%, 0, 0, 0, 1.11, 559, 0, 0.21668%, 142, 65535
1645572007, 0, 0, 60, 0, 0, 0.21668%, 0, 0, 0, 1.77, 560, 0, 0.21668%, 142, 65535
1645572008, 0, 0, 61, 0, 0, 0.21668%, 0, 0, 0, 1.10, 561, 0, 0.21668%, 142, 65535
1645572008, 0, 0, 61, 0, 0, 0.21668%, 0, 0, 0, 1.84, 562, 0, 0.21668%, 142, 65535
1645572009, 0, 0, 61, 0, 0, 0.21668%, 0, 0, 0, 1.05, 563, 0, 0.21668%, 142, 65535
1645572010, 0, 0, 61, 0, 0, 0.21668%, 0, 0, 0, 1.73, 564, 0, 0.21668%, 142, 65535
1645572010, 0, 0, 61, 0, 0, 0.21668%, 0, 0, 0, 3.24, 565, 0, 0.21668%, 142, 65535
1645572011, 0, 0, 61, 0, 0, 0.21668%, 0, 0, 0, 1.79, 566, 0, 0.21668%, 142, 65535
1645572012, 0, 0, 61, 0, 0, 0.21668%, 0, 0, 0, 1.17, 567, 0, 0.21668%, 142, 65535
1645572012, 0, 0, 61, 0, 0, 0.21668%, 0, 0, 0, 3.14, 568, 0, 0.21668%, 142, 65535
1645572012, 0, 0, 61, 0, 0, 0.21668%, 0, 0, 0, 1.88, 569, 0, 0.21668%, 142, 65535
1645572013, 0, 0, 61, 0, 0, 0.21668%, 0, 0, 0, 1.53, 570, 0, 0.21668%, 142, 65535
1645572014, 0, 0, 61, 0, 0, 0.21668%, 0, 0, 0, 2.09, 571, 0, 0.21668%, 142, 65535
1645572014, 0, 0, 61, 0, 0, 0.21668%, 0, 0, 0, 1.51, 572, 0, 0.21668%, 142, 65535
1645572015, 0, 0, 61, 0, 0, 0.21668%, 0, 0, 0, 2.14, 573, 0, 0.21668%, 142, 65535
1645572015, 0, 0, 61, 0, 0, 0.21668%, 0, 0, 0, 3.26, 575, 0, 0.21668%, 142, 65535
1645572016, 0, 0, 61, 0, 0, 0.21668%, 0, 0, 0, 2.86, 576, 0, 0.21668%, 142, 65535
1645572016, 0, 0, 61, 0, 0, 0.21668%, 0, 0, 0, 1.28, 577, 0, 0.21668%, 142, 65535
1645572017, 0, 0, 61, 0, 0, 0.21668%, 0, 0, 0, 1.62, 578, 0, 0.21668%, 142, 65535
1645572018, 0, 0, 61, 0, 0, 0.21668%, 0, 0, 0, 1.20, 579, 0, 0.21668%, 142, 65535
1645572018, 0, 0, 61, 0, 0, 0.21668%, 0, 0, 0, 2.70, 580, 0, 0.21668%, 142, 65535
1645572019, 0, 0, 61, 0, 0, 0.21668%, 0, 0, 0, 1.32, 581, 0, 0.21668%, 142, 65535
1645572020, 0, 0, 61, 0, 0, 0.21668%, 0, 0, 0, 1.55, 582, 0, 0.21668%, 142, 65535
1645572020, 0, 0, 61, 0, 0, 0.21668%, 0, 0, 0, 1.29, 583, 0, 0.21668%, 142, 65535
1645572021, 0, 0, 61, 0, 0, 0.21668%, 0, 0, 0, 2.23, 584, 0, 0.21668%, 142, 65535
1645572022, 0, 0, 62, 0, 0, 0.21668%, 0, 0, 0, 1.15, 585, 0, 0.21668%, 142, 65535
1645572022, 0, 0, 62, 0, 0, 0.21668%, 0, 0, 0, 1.50, 586, 0, 0.21668%, 142, 65535
1645572023, 0, 0, 62, 0, 0, 0.21668%, 0, 0, 0, 1.72, 587, 0, 0.21668%, 142, 65535
1645572023, 0, 0, 62, 0, 0, 0.21668%, 0, 0, 0, 2.68, 588, 0, 0.21668%, 142, 65535
1645572024, 0, 0, 62, 0, 0, 0.21668%, 0, 0, 0, 2.09, 589, 0, 0.21668%, 142, 65535
1645572025, 0, 0, 62, 0, 0, 0.21668%, 0, 0, 0, 0.89, 590, 0, 0.21668%, 142, 65535
1645572026, 0, 0, 62, 0, 0, 0.21668%, 0, 0, 0, 1.45, 591, 0, 0.21668%, 142, 65535
1645572026, 0, 0, 62, 0, 0, 0.21668%, 0, 0, 0, 2.82, 592, 0, 0.21668%, 142, 65535
1645572027, 0, 0, 62, 0, 0, 0.21668%, 0, 0, 0, 1.56, 593, 0, 0.21668%, 142, 65535
1645572028, 0, 0, 62, 0, 0, 0.21668%, 0, 0, 0, 1.22, 594, 0, 0.21668%, 142, 65535
1645572028, 0, 0, 62, 0, 0, 0.21668%, 0, 0, 0, 1.49, 595, 0, 0.21668%, 142, 65535
1645572029, 0, 0, 62, 0, 0, 0.21668%, 0, 0, 0, 1.26, 596, 0, 0.21668%, 142, 65535
1645572030, 0, 0, 62, 0, 0, 0.21668%, 0, 0, 0, 0.81, 597, 0, 0.21668%, 142, 65535
1645572031, 0, 0, 62, 0, 0, 0.21668%, 0, 0, 0, 1.33, 598, 0, 0.21668%, 142, 65535
1645572032, 0, 0, 62, 0, 0, 0.21668%, 0, 0, 0, 1.31, 599, 0, 0.21668%, 142, 65535
1645572032, 0, 0, 62, 0, 0, 0.21668%, 0, 0, 0, 3.68, 601, 0, 0.21668%, 142, 65535
1645572033, 0, 0, 62, 0, 0, 0.21668%, 0, 0, 0, 1.85, 602, 0, 0.21668%, 142, 65535
1645572033, 0, 0, 62, 0, 0, 0.21668%, 0, 0, 0, 2.54, 603, 0, 0.21668%, 142, 65535
1645572034, 0, 0, 62, 0, 0, 0.21668%, 0, 0, 0, 2.53, 605, 0, 0.21668%, 142, 65535
1645572035, 0, 0, 63, 0, 0, 0.21668%, 0, 0, 0, 1.02, 606, 0, 0.21668%, 142, 65535
1645572036, 0, 0, 63, 0, 0, 0.21668%, 0, 0, 0, 1.16, 607, 0, 0.21668%, 142, 65535
1645572036, 0, 0, 63, 0, 0, 0.21668%, 0, 0, 0, 2.62, 608, 0, 0.21668%, 142, 65535
1645572037, 0, 0, 63, 0, 0, 0.21668%, 0, 0, 0, 3.13, 610, 0, 0.21668%, 142, 65535
1645572038, 0, 0, 64, 0, 0, 0.21668%, 0, 0, 0, 2.40, 612, 0, 0.21668%, 142, 65535
1645572038, 0, 0, 64, 0, 0, 0.21668%, 0, 0, 0, 1.97, 613, 0, 0.21668%, 142, 65535
1645572039, 0, 0, 65, 0, 0, 0.21668%, 0, 0, 0, 1.39, 614, 0, 0.21668%, 142, 65535
1645572040, 0, 0, 65, 0, 0, 0.21668%, 0, 0, 0, 2.69, 616, 0, 0.21668%, 142, 65535
1645572040, 0, 0, 65, 0, 0, 0.21668%, 0, 0, 0, 5.08, 618, 0, 0.21668%, 142, 65535
1645572040, 0, 0, 65, 0, 0, 0.21668%, 0, 0, 0, 2.46, 619, 0, 0.21668%, 142, 65535
1645572041, 0, 0, 65, 0, 0, 0.21668%, 0, 0, 0, 2.96, 620, 0, 0.21668%, 142, 65535
1645572041, 0, 0, 65, 0, 0, 0.21668%, 0, 0, 0, 3.95, 622, 0, 0.21668%, 142, 65535
1645572042, 0, 0, 65, 0, 0, 0.21668%, 0, 0, 0, 2.48, 623, 0, 0.21668%, 142, 65535
1645572042, 0, 0, 65, 0, 0, 0.21668%, 0, 0, 0, 2.38, 624, 0, 0.21668%, 142, 65535
1645572043, 0, 0, 65, 0, 0, 0.21668%, 0, 0, 0, 5.21, 626, 0, 0.21668%, 142, 65535
1645572043, 0, 0, 65, 0, 0, 0.21668%, 0, 0, 0, 2.57, 628, 0, 0.21668%, 142, 65535
1645572044, 0, 0, 65, 0, 0, 0.21668%, 0, 0, 0, 2.46, 629, 0, 0.21668%, 142, 65535
1645572044, 0, 0, 65, 0, 0, 0.21668%, 0, 0, 0, 2.57, 631, 0, 0.21668%, 142, 65535
1645572045, 0, 0, 65, 0, 0, 0.21668%, 0, 0, 0, 2.44, 632, 0, 0.21668%, 142, 65535
1645572045, 0, 0, 65, 0, 0, 0.21668%, 0, 0, 0, 1.96, 633, 0, 0.21668%, 142, 65535
1645572046, 0, 0, 65, 0, 0, 0.21668%, 0, 0, 0, 2.79, 635, 0, 0.21668%, 142, 65535
1645572047, 0, 0, 65, 0, 0, 0.21668%, 0, 0, 0, 2.49, 637, 0, 0.21668%, 142, 65535
1645572048, 0, 0, 65, 0, 0, 0.21668%, 0, 0, 0, 1.55, 638, 0, 0.21668%, 142, 65535
1645572048, 0, 0, 65, 0, 0, 0.21668%, 0, 0, 0, 2.03, 639, 0, 0.21668%, 142, 65535
1645572049, 0, 0, 65, 0, 0, 0.21668%, 0, 0, 0, 2.05, 640, 0, 0.21668%, 142, 65535
1645572049, 0, 0, 65, 0, 0, 0.21668%, 0, 0, 0, 1.58, 641, 0, 0.21668%, 142, 65535
1645572050, 0, 0, 65, 0, 0, 0.21668%, 0, 0, 0, 1.69, 642, 0, 0.21668%, 142, 65535
1645572050, 0, 0, 65, 0, 0, 0.21668%, 0, 0, 0, 1.59, 643, 0, 0.21668%, 142, 65535
1645572051, 0, 0, 65, 0, 0, 0.21668%, 0, 0, 0, 1.58, 644, 0, 0.21668%, 142, 65535
1645572052, 0, 0, 65, 0, 0, 0.21668%, 0, 0, 0, 1.12, 645, 0, 0.21668%, 142, 65535
1645572053, 0, 0, 65, 0, 0, 0.21668%, 0, 0, 0, 1.61, 646, 0, 0.21668%, 142, 65535
1645572053, 0, 0, 65, 0, 0, 0.21668%, 0, 0, 0, 1.14, 647, 0, 0.21668%, 142, 65535
1645572054, 0, 0, 65, 0, 0, 0.21668%, 0, 0, 0, 3.05, 648, 0, 0.21668%, 142, 65535
1645572054, 0, 0, 65, 0, 0, 0.21668%, 0, 0, 0, 3.29, 649, 0, 0.21668%, 142, 65535
1645572055, 0, 0, 65, 0, 0, 0.21668%, 0, 0, 0, 1.81, 650, 0, 0.21668%, 142, 65535
1645572055, 0, 0, 65, 0, 0, 0.21668%, 0, 0, 0, 1.71, 651, 0, 0.21668%, 142, 65535
1645572056, 0, 0, 65, 0, 0, 0.21668%, 0, 0, 0, 1.89, 652, 0, 0.21668%, 142, 65535
1645572056, 0, 0, 66, 0, 0, 0.21668%, 0, 0, 0, 1.32, 653, 0, 0.21668%, 142, 65535
1645572057, 0, 0, 66, 0, 0, 0.21668%, 0, 0, 0, 1.10, 654, 0, 0.21668%, 142, 65535
1645572058, 0, 0, 66, 0, 0, 0.21668%, 0, 0, 0, 1.15, 655, 0, 0.21668%, 142, 65535
1645572059, 0, 0, 66, 0, 0, 0.21668%, 0, 0, 0, 1.73, 656, 0, 0.21668%, 142, 65535
1645572059, 0, 0, 66, 0, 0, 0.21668%, 0, 0, 0, 1.70, 657, 0, 0.21668%, 142, 65535
1645572060, 0, 0, 66, 0, 0, 0.21668%, 0, 0, 0, 2.18, 658, 0, 0.21668%, 142, 65535
1645572060, 0, 0, 66, 0, 0, 0.21668%, 0, 0, 0, 2.86, 659, 0, 0.21668%, 142, 65535
1645572061, 0, 0, 66, 0, 0, 0.21668%, 0, 0, 0, 1.59, 660, 0, 0.21668%, 142, 65535
1645572062, 0, 0, 66, 0, 0, 0.21668%, 0, 0, 0, 1.30, 661, 0, 0.21668%, 142, 65535
1645572062, 0, 0, 66, 0, 0, 0.21668%, 0, 0, 0, 1.57, 662, 0, 0.21668%, 142, 65535
1645572063, 0, 0, 66, 0, 0, 0.21668%, 0, 0, 0, 1.47, 663, 0, 0.21668%, 142, 65535
1645572063, 0, 0, 66, 0, 0, 0.21668%, 0, 0, 0, 2.43, 664, 0, 0.21668%, 142, 65535
1645572064, 0, 0, 66, 0, 0, 0.21668%, 0, 0, 0, 1.73, 665, 0, 0.21668%, 142, 65535
1645572064, 0, 0, 66, 0, 0, 0.21668%, 0, 0, 0, 3.08, 666, 0, 0.21668%, 142, 65535
1645572065, 0, 0, 66, 0, 0, 0.21668%, 0, 0, 0, 1.24, 667, 0, 0.21668%, 142, 65535
1645572065, 0, 0, 66, 0, 0, 0.21668%, 0, 0, 0, 2.38, 668, 0, 0.21668%, 142, 65535
1645572067, 0, 0, 66, 0, 0, 0.21668%, 0, 0, 0, 0.77, 669, 0, 0.21668%, 142, 65535
1645572067, 0, 0, 66, 0, 0, 0.21668%, 0, 0, 0, 2.61, 670, 0, 0.21668%, 142, 65535
1645572068, 0, 0, 66, 0, 0, 0.21668%, 0, 0, 0, 2.67, 671, 0, 0.21668%, 142, 65535
1645572068, 0, 0, 66, 0, 0, 0.21668%, 0, 0, 0, 1.43, 672, 0, 0.21668%, 142, 65535
1645572069, 0, 0, 66, 0, 0, 0.21668%, 0, 0, 0, 1.48, 673, 0, 0.21668%, 142, 65535
1645572069, 0, 0, 66, 0, 0, 0.21668%, 0, 0, 0, 2.08, 674, 0, 0.21668%, 142, 65535
1645572070, 0, 0, 66, 0, 0, 0.21668%, 0, 0, 0, 3.46, 676, 0, 0.21668%, 142, 65535
1645572070, 0, 0, 66, 0, 0, 0.21668%, 0, 0, 0, 2.14, 677, 0, 0.21668%, 142, 65535
1645572071, 0, 0, 66, 0, 0, 0.21668%, 0, 0, 0, 1.56, 678, 0, 0.21668%, 142, 65535
1645572072, 0, 0, 66, 0, 0, 0.21668%, 0, 0, 0, 1.50, 679, 0, 0.21668%, 142, 65535
1645572072, 0, 0, 66, 0, 0, 0.21668%, 0, 0, 0, 2.66, 680, 0, 0.21668%, 142, 65535
1645572073, 0, 0, 66, 0, 0, 0.21668%, 0, 0, 0, 1.82, 681, 0, 0.21668%, 142, 65535
1645572074, 0, 0, 66, 0, 0, 0.21668%, 0, 0, 0, 0.87, 682, 0, 0.21668%, 142, 65535
1645572075, 0, 0, 66, 0, 0, 0.21668%, 0, 0, 0, 1.13, 683, 0, 0.21668%, 142, 65535
1645572076, 0, 0, 66, 0, 0, 0.21668%, 0, 0, 0, 1.03, 684, 0, 0.21668%, 142, 65535
1645572076, 0, 0, 66, 0, 0, 0.21668%, 0, 0, 0, 1.50, 685, 0, 0.21668%, 142, 65535
1645572077, 0, 0, 66, 0, 0, 0.21668%, 0, 0, 0, 1.34, 686, 0, 0.21668%, 142, 65535
1645572078, 0, 0, 66, 0, 0, 0.21668%, 0, 0, 0, 1.54, 687, 0, 0.21668%, 142, 65535
1645572078, 0, 0, 66, 0, 0, 0.21668%, 0, 0, 0, 1.72, 688, 0, 0.21668%, 142, 65535
1645572079, 0, 0, 66, 0, 0, 0.21668%, 0, 0, 0, 1.13, 689, 0, 0.21668%, 142, 65535
1645572080, 0, 0, 66, 0, 0, 0.21668%, 0, 0, 0, 2.57, 690, 0, 0.21668%, 142, 65535
1645572080, 0, 0, 66, 0, 0, 0.21668%, 0, 0, 0, 2.70, 691, 0, 0.21668%, 142, 65535
1645572080, 0, 0, 66, 0, 0, 0.21668%, 0, 0, 0, 2.29, 692, 0, 0.21668%, 142, 65535
1645572081, 0, 0, 66, 0, 0, 0.21668%, 0, 0, 0, 1.77, 693, 0, 0.21668%, 142, 65535
1645572082, 0, 0, 66, 0, 0, 0.21668%, 0, 0, 0, 1.76, 694, 0, 0.21668%, 142, 65535
1645572082, 0, 0, 66, 0, 0, 0.21668%, 0, 0, 0, 2.15, 695, 0, 0.21668%, 142, 65535
1645572083, 0, 0, 66, 0, 0, 0.21668%, 0, 0, 0, 2.83, 697, 0, 0.21668%, 142, 65535
1645572083, 0, 0, 66, 0, 0, 0.21668%, 0, 0, 0, 2.17, 698, 0, 0.21668%, 142, 65535
1645572084, 0, 0, 66, 0, 0, 0.21668%, 0, 0, 0, 2.23, 699, 0, 0.21668%, 142, 65535
1645572085, 0, 0, 66, 0, 0, 0.21668%, 0, 0, 0, 0.98, 700, 0, 0.21668%, 142, 65535
1645572085, 0, 0, 66, 0, 0, 0.21668%, 0, 0, 0, 1.30, 701, 0, 0.21668%, 142, 65535
1645572086, 0, 0, 66, 0, 0, 0.21668%, 0, 0, 0, 3.91, 703, 0, 0.21668%, 142, 65535
1645572086, 0, 0, 66, 0, 0, 0.21668%, 0, 0, 0, 2.02, 704, 0, 0.21668%, 142, 65535
1645572087, 0, 0, 66, 0, 0, 0.21668%, 0, 0, 0, 1.29, 705, 0, 0.21668%, 142, 65535
1645572088, 0, 0, 66, 0, 0, 0.21668%, 0, 0, 0, 4.20, 707, 0, 0.21668%, 142, 65535
1645572088, 0, 0, 66, 0, 0, 0.21668%, 0, 0, 0, 2.26, 708, 0, 0.21668%, 142, 65535
1645572089, 0, 0, 66, 0, 0, 0.21668%, 0, 0, 0, 2.45, 709, 0, 0.21668%, 142, 65535
1645572089, 0, 0, 66, 0, 0, 0.21668%, 0, 0, 0, 1.30, 710, 0, 0.21668%, 142, 65535
1645572090, 0, 0, 66, 0, 0, 0.21668%, 0, 0, 0, 1.55, 711, 0, 0.21668%, 142, 65535
1645572091, 0, 0, 66, 0, 0, 0.21668%, 0, 0, 0, 1.09, 712, 0, 0.21668%, 142, 65535
1645572091, 0, 0, 66, 0, 0, 0.21668%, 0, 0, 0, 2.06, 713, 0, 0.21668%, 142, 65535
1645572092, 0, 0, 66, 0, 0, 0.21668%, 0, 0, 0, 0.98, 714, 0, 0.21668%, 142, 65535
1645572093, 0, 0, 66, 0, 0, 0.21668%, 0, 0, 0, 1.75, 715, 0, 0.21668%, 142, 65535
1645572093, 0, 0, 66, 0, 0, 0.21668%, 0, 0, 0, 3.07, 716, 0, 0.21668%, 142, 65535
1645572094, 0, 0, 66, 0, 0, 0.21668%, 0, 0, 0, 1.69, 717, 0, 0.21668%, 142, 65535
1645572095, 0, 0, 66, 0, 0, 0.21668%, 0, 0, 0, 0.96, 718, 0, 0.21668%, 142, 65535
1645572095, 0, 0, 66, 0, 0, 0.21668%, 0, 0, 0, 2.22, 719, 0, 0.21668%, 142, 65535
1645572096, 0, 0, 66, 0, 0, 0.21668%, 0, 0, 0, 2.21, 720, 0, 0.21668%, 142, 65535
1645572096, 0, 0, 66, 0, 0, 0.21668%, 0, 0, 0, 4.82, 722, 0, 0.21668%, 142, 65535
1645572097, 0, 0, 66, 0, 0, 0.21668%, 0, 0, 0, 2.65, 723, 0, 0.21668%, 142, 65535
1645572097, 0, 0, 66, 0, 0, 0.21668%, 0, 0, 0, 1.27, 724, 0, 0.21668%, 142, 65535
1645572098, 0, 0, 66, 0, 0, 0.21668%, 0, 0, 0, 1.58, 725, 0, 0.21668%, 142, 65535
1645572099, 0, 0, 66, 0, 0, 0.21668%, 0, 0, 0, 3.03, 727, 0, 0.21668%, 142, 65535
1645572099, 0, 0, 66, 0, 0, 0.21668%, 0, 0, 0, 2.51, 728, 0, 0.21668%, 142, 65535
1645572099, 0, 0, 66, 0, 0, 0.21668%, 0, 0, 0, 3.26, 729, 0, 0.21668%, 142, 65535
1645572100, 0, 0, 66, 0, 0, 0.21668%, 0, 0, 0, 4.08, 731, 0, 0.21668%, 142, 65535
1645572100, 0, 0, 66, 0, 0, 0.21668%, 0, 0, 0, 3.39, 733, 0, 0.21668%, 142, 65535
1645572101, 0, 0, 66, 0, 0, 0.21668%, 0, 0, 0, 2.43, 735, 0, 0.21668%, 142, 65535
1645572102, 0, 0, 66, 0, 0, 0.21668%, 0, 0, 0, 2.40, 736, 0, 0.21668%, 142, 65535
1645572103, 0, 0, 66, 0, 0, 0.21668%, 0, 0, 0, 1.82, 738, 0, 0.21668%, 142, 65535
1645572104, 0, 0, 66, 0, 0, 0.21668%, 0, 0, 0, 1.03, 739, 0, 0.21668%, 142, 65535
1645572105, 0, 0, 66, 0, 0, 0.21668%, 0, 0, 0, 1.35, 740, 0, 0.21668%, 142, 65535
1645572105, 0, 0, 66, 0, 0, 0.21668%, 0, 0, 0, 2.58, 741, 0, 0.21668%, 142, 65535
1645572105, 0, 0, 66, 0, 0, 0.21668%, 0, 0, 0, 1.82, 742, 0, 0.21668%, 142, 65535
1645572106, 0, 0, 66, 0, 0, 0.21668%, 0, 0, 0, 1.93, 743, 0, 0.21668%, 142, 65535
1645572106, 0, 0, 66, 0, 0, 0.21668%, 0, 0, 0, 2.41, 744, 0, 0.21668%, 142, 65535
1645572107, 0, 0, 66, 0, 0, 0.21668%, 0, 0, 0, 0.95, 745, 0, 0.21668%, 142, 65535
1645572108, 0, 0, 66, 0, 0, 0.21668%, 0, 0, 0, 1.93, 746, 0, 0.21668%, 142, 65535
1645572109, 0, 0, 66, 0, 0, 0.21668%, 0, 0, 0, 1.00, 747, 0, 0.21668%, 142, 65535
1645572110, 0, 0, 66, 0, 0, 0.21668%, 0, 0, 0, 1.24, 748, 0, 0.21668%, 142, 65535
1645572111, 0, 0, 66, 0, 0, 0.21668%, 0, 0, 0, 1.29, 749, 0, 0.21668%, 142, 65535
1645572112, 0, 0, 66, 0, 0, 0.21668%, 0, 0, 0, 1.98, 751, 0, 0.21668%, 142, 65535
1645572112, 0, 0, 66, 0, 0, 0.21668%, 0, 0, 0, 1.81, 752, 0, 0.21668%, 142, 65535
1645572113, 0, 0, 66, 0, 0, 0.21668%, 0, 0, 0, 0.97, 753, 0, 0.21668%, 142, 65535
1645572114, 0, 0, 66, 0, 0, 0.21668%, 0, 0, 0, 2.06, 754, 0, 0.21668%, 142, 65535
1645572115, 0, 0, 66, 0, 0, 0.21668%, 0, 0, 0, 1.17, 756, 0, 0.21668%, 142, 65535
1645572116, 0, 0, 66, 0, 0, 0.21668%, 0, 0, 0, 2.56, 757, 0, 0.21668%, 142, 65535
1645572116, 0, 0, 66, 0, 0, 0.21668%, 0, 0, 0, 3.36, 759, 0, 0.21668%, 142, 65535
1645572117, 0, 0, 66, 0, 0, 0.21668%, 0, 0, 0, 1.92, 761, 0, 0.21668%, 142, 65535
1645572118, 0, 0, 66, 0, 0, 0.21668%, 0, 0, 0, 1.55, 762, 0, 0.21668%, 142, 65535
1645572119, 0, 0, 66, 0, 0, 0.21668%, 0, 0, 0, 0.79, 763, 0, 0.21668%, 142, 65535
1645572120, 0, 0, 66, 0, 0, 0.21668%, 0, 0, 0, 2.60, 764, 0, 0.21668%, 142, 65535
1645572120, 0, 0, 66, 0, 0, 0.21668%, 0, 0, 0, 1.30, 765, 0, 0.21668%, 142, 65535
1645572121, 0, 0, 66, 0, 0, 0.21668%, 0, 0, 0, 2.40, 766, 0, 0.21668%, 142, 65535
1645572121, 0, 0, 66, 0, 0, 0.21668%, 0, 0, 0, 2.30, 767, 0, 0.21668%, 142, 65535
1645572122, 0, 0, 66, 0, 0, 0.21668%, 0, 0, 0, 1.21, 768, 0, 0.21668%, 142, 65535
1645572123, 0, 0, 66, 0, 0, 0.21668%, 0, 0, 0, 2.19, 769, 0, 0.21668%, 142, 65535
1645572124, 0, 0, 66, 0, 0, 0.21668%, 0, 0, 0, 0.92, 770, 0, 0.21668%, 142, 65535
1645572124, 0, 0, 66, 0, 0, 0.21668%, 0, 0, 0, 2.58, 771, 0, 0.21668%, 142, 65535
1645572125, 0, 0, 66, 0, 0, 0.21668%, 0, 0, 0, 1.90, 772, 0, 0.21668%, 142, 65535
1645572125, 0, 0, 66, 0, 0, 0.21668%, 0, 0, 0, 2.12, 774, 0, 0.21668%, 142, 65535
1645572126, 0, 0, 66, 0, 0, 0.21668%, 0, 0, 0, 5.12, 776, 0, 0.21668%, 142, 65535
1645572127, 0, 0, 66, 0, 0, 0.21668%, 0, 0, 0, 2.04, 778, 0, 0.21668%, 142, 65535
1645572127, 0, 0, 66, 0, 0, 0.21668%, 0, 0, 0, 1.84, 779, 0, 0.21668%, 142, 65535
1645572129, 0, 0, 66, 0, 0, 0.21668%, 0, 0, 0, 0.87, 780, 0, 0.21668%, 142, 65535
1645572129, 0, 0, 66, 0, 0, 0.21668%, 0, 0, 0, 2.16, 781, 0, 0.21668%, 142, 65535
1645572130, 0, 0, 66, 0, 0, 0.21668%, 0, 0, 0, 0.80, 782, 0, 0.21668%, 142, 65535
1645572131, 0, 0, 66, 0, 0, 0.21668%, 0, 0, 0, 2.04, 783, 0, 0.21668%, 142, 65535
1645572131, 0, 0, 66, 0, 0, 0.21668%, 0, 0, 0, 2.36, 784, 0, 0.21668%, 142, 65535
1645572132, 0, 0, 66, 0, 0, 0.21668%, 0, 0, 0, 2.05, 785, 0, 0.21668%, 142, 65535
1645572133, 0, 0, 66, 0, 0, 0.21668%, 0, 0, 0, 0.87, 786, 0, 0.21668%, 142, 65535
1645572134, 0, 0, 66, 0, 0, 0.21668%, 0, 0, 0, 1.04, 787, 0, 0.21668%, 142, 65535
1645572135, 0, 0, 66, 0, 0, 0.21668%, 0, 0, 0, 1.28, 788, 0, 0.21668%, 142, 65535
1645572135, 0, 0, 66, 0, 0, 0.21668%, 0, 0, 0, 1.16, 789, 0, 0.21668%, 142, 65535
1645572136, 0, 0, 66, 0, 0, 0.21668%, 0, 0, 0, 1.31, 790, 0, 0.21668%, 142, 65535
1645572137, 0, 0, 66, 0, 0, 0.21668%, 0, 0, 0, 0.94, 791, 0, 0.21668%, 142, 65535
1645572138, 0, 0, 66, 0, 0, 0.21668%, 0, 0, 0, 1.03, 792, 0, 0.21668%, 142, 65535
1645572139, 0, 0, 66, 0, 0, 0.21668%, 0, 0, 0, 2.82, 793, 0, 0.21668%, 142, 65535
1645572139, 0, 0, 66, 0, 0, 0.21668%, 0, 0, 0, 2.28, 794, 0, 0.21668%, 142, 65535
1645572140, 0, 0, 66, 0, 0, 0.21668%, 0, 0, 0, 1.46, 795, 0, 0.21668%, 142, 65535
1645572140, 0, 0, 66, 0, 0, 0.21668%, 0, 0, 0, 1.89, 796, 0, 0.21668%, 142, 65535
1645572141, 0, 0, 66, 0, 0, 0.21668%, 0, 0, 0, 2.43, 797, 0, 0.21668%, 142, 65535
1645572142, 0, 0, 66, 0, 0, 0.21668%, 0, 0, 0, 1.05, 798, 0, 0.21668%, 142, 65535
1645572142, 0, 0, 66, 0, 0, 0.21668%, 0, 0, 0, 1.49, 799, 0, 0.21668%, 142, 65535
1645572143, 0, 0, 66, 0, 0, 0.21668%, 0, 0, 0, 3.08, 800, 0, 0.21668%, 142, 65535
