# unix_time, cycles_done, cur_path, paths_total, pending_total, pending_favs, map_size, unique_crashes, unique_hangs, max_depth, execs_per_sec, valid_inputs, invalid_inputs, valid_cov
1646587300, 0, 0, 1, 0, 0, 0.20447%, 0, 0, 0, 0.11, 1, 0, 0.20447%, 134, 65535
1646587302, 0, 0, 2, 0, 0, 0.22583%, 0, 0, 0, 0.65, 2, 0, 0.22583%, 148, 65535
1646587303, 0, 0, 3, 0, 0, 0.23041%, 0, 0, 0, 0.72, 3, 0, 0.23041%, 151, 65535
1646587305, 0, 0, 4, 0, 0, 0.23041%, 0, 0, 0, 0.67, 4, 0, 0.23041%, 151, 65535
1646587306, 0, 0, 5, 0, 0, 0.23651%, 0, 0, 0, 0.68, 5, 0, 0.23651%, 155, 65535
1646587308, 0, 0, 6, 0, 0, 0.23651%, 0, 0, 0, 0.70, 6, 0, 0.23651%, 155, 65535
1646587309, 0, 0, 7, 0, 0, 0.23651%, 0, 0, 0, 0.74, 7, 0, 0.23651%, 155, 65535
1646587310, 0, 0, 8, 0, 0, 0.23651%, 0, 0, 0, 0.72, 8, 0, 0.23651%, 155, 65535
1646587312, 0, 0, 9, 0, 0, 0.23651%, 0, 0, 0, 0.70, 9, 0, 0.23651%, 155, 65535
1646587313, 0, 0, 10, 0, 0, 0.23957%, 0, 0, 0, 0.69, 10, 0, 0.23957%, 157, 65535
1646587315, 0, 0, 11, 0, 0, 0.24262%, 0, 0, 0, 0.69, 11, 0, 0.24262%, 159, 65535
1646587316, 0, 0, 12, 0, 0, 0.24262%, 0, 0, 0, 0.72, 12, 0, 0.24262%, 159, 65535
1646587318, 0, 0, 13, 0, 0, 0.24262%, 0, 0, 0, 0.70, 13, 0, 0.24262%, 159, 65535
1646587319, 0, 0, 14, 0, 0, 0.24262%, 0, 0, 0, 0.71, 14, 0, 0.24262%, 159, 65535
1646587320, 0, 0, 15, 0, 0, 0.24262%, 0, 0, 0, 0.70, 15, 0, 0.24262%, 159, 65535
1646587322, 0, 0, 16, 0, 0, 0.24262%, 0, 0, 0, 0.77, 16, 0, 0.24262%, 159, 65535
1646587323, 0, 0, 17, 0, 0, 0.24262%, 0, 0, 0, 0.65, 17, 0, 0.24262%, 159, 65535
1646587325, 0, 0, 18, 0, 0, 0.24567%, 0, 0, 0, 0.71, 18, 0, 0.24567%, 161, 65535
1646587326, 0, 0, 19, 0, 0, 0.24567%, 0, 0, 0, 0.72, 19, 0, 0.24567%, 161, 65535
1646587327, 0, 0, 20, 0, 0, 0.24567%, 0, 0, 0, 0.75, 20, 0, 0.24567%, 161, 65535
1646587329, 0, 0, 20, 0, 0, 0.24567%, 0, 0, 0, 0.71, 21, 0, 0.24567%, 161, 65535
1646587330, 0, 0, 21, 0, 0, 0.24567%, 0, 0, 0, 0.70, 22, 0, 0.24567%, 161, 65535
1646587332, 0, 0, 21, 0, 0, 0.24567%, 0, 0, 0, 0.76, 23, 0, 0.24567%, 161, 65535
1646587333, 0, 0, 22, 0, 0, 0.24567%, 0, 0, 0, 0.71, 24, 0, 0.24567%, 161, 65535
1646587334, 0, 0, 23, 0, 0, 0.24567%, 0, 0, 0, 0.70, 25, 0, 0.24567%, 161, 65535
1646587336, 0, 0, 24, 0, 0, 0.24567%, 0, 0, 0, 0.70, 26, 0, 0.24567%, 161, 65535
1646587337, 0, 0, 25, 0, 0, 0.24567%, 0, 0, 0, 0.70, 27, 0, 0.24567%, 161, 65535
1646587339, 0, 0, 26, 0, 0, 0.24567%, 0, 0, 0, 0.74, 28, 0, 0.24567%, 161, 65535
1646587340, 0, 0, 27, 0, 0, 0.24567%, 0, 0, 0, 0.66, 29, 0, 0.24567%, 161, 65535
1646587341, 0, 0, 27, 0, 0, 0.24567%, 0, 0, 0, 0.73, 30, 0, 0.24567%, 161, 65535
1646587343, 0, 0, 28, 0, 0, 0.24567%, 0, 0, 0, 0.67, 31, 0, 0.24567%, 161, 65535
1646587344, 0, 0, 29, 0, 0, 0.24567%, 0, 0, 0, 0.74, 32, 0, 0.24567%, 161, 65535
1646587346, 0, 0, 30, 0, 0, 0.24567%, 0, 0, 0, 0.67, 33, 0, 0.24567%, 161, 65535
1646587347, 0, 0, 31, 0, 0, 0.24567%, 0, 0, 0, 0.70, 34, 0, 0.24567%, 161, 65535
1646587349, 0, 0, 31, 0, 0, 0.24567%, 0, 0, 0, 0.69, 35, 0, 0.24567%, 161, 65535
1646587350, 0, 0, 32, 0, 0, 0.24567%, 0, 0, 0, 0.70, 36, 0, 0.24567%, 161, 65535
1646587352, 0, 0, 33, 0, 0, 0.24567%, 0, 0, 0, 0.67, 37, 0, 0.24567%, 161, 65535
1646587353, 0, 0, 34, 0, 0, 0.24567%, 0, 0, 0, 0.77, 38, 0, 0.24567%, 161, 65535
1646587354, 0, 0, 35, 0, 0, 0.24567%, 0, 0, 0, 0.75, 39, 0, 0.24567%, 161, 65535
1646587356, 0, 0, 35, 0, 0, 0.24567%, 0, 0, 0, 0.72, 40, 0, 0.24567%, 161, 65535
1646587357, 0, 0, 35, 0, 0, 0.24567%, 0, 0, 0, 0.71, 41, 0, 0.24567%, 161, 65535
1646587359, 0, 0, 36, 0, 0, 0.24720%, 0, 0, 0, 0.68, 42, 0, 0.24720%, 162, 65535
1646587360, 0, 0, 36, 0, 0, 0.24720%, 0, 0, 0, 0.73, 43, 0, 0.24720%, 162, 65535
1646587361, 0, 0, 36, 0, 0, 0.24720%, 0, 0, 0, 0.71, 44, 0, 0.24720%, 162, 65535
1646587363, 0, 0, 37, 0, 0, 0.24720%, 0, 0, 0, 0.75, 45, 0, 0.24720%, 162, 65535
1646587364, 0, 0, 37, 0, 0, 0.24720%, 0, 0, 0, 0.71, 46, 0, 0.24720%, 162, 65535
1646587365, 0, 0, 37, 0, 0, 0.24720%, 0, 0, 0, 0.71, 47, 0, 0.24720%, 162, 65535
1646587367, 0, 0, 37, 0, 0, 0.24720%, 0, 0, 0, 0.70, 48, 0, 0.24720%, 162, 65535
1646587368, 0, 0, 37, 0, 0, 0.24720%, 0, 0, 0, 0.72, 49, 0, 0.24720%, 162, 65535
1646587370, 0, 0, 37, 0, 0, 0.24720%, 0, 0, 0, 0.71, 50, 0, 0.24720%, 162, 65535
1646587371, 0, 0, 37, 0, 0, 0.24720%, 0, 0, 0, 0.73, 51, 0, 0.24720%, 162, 65535
1646587373, 0, 0, 37, 0, 0, 0.24720%, 0, 0, 0, 0.67, 52, 0, 0.24720%, 162, 65535
1646587374, 0, 0, 38, 0, 0, 0.24720%, 0, 0, 0, 0.69, 53, 0, 0.24720%, 162, 65535
1646587375, 0, 0, 39, 0, 0, 0.24720%, 0, 0, 0, 0.70, 54, 0, 0.24720%, 162, 65535
1646587377, 0, 0, 40, 0, 0, 0.24720%, 0, 0, 0, 0.76, 55, 0, 0.24720%, 162, 65535
1646587378, 0, 0, 40, 0, 0, 0.24720%, 0, 0, 0, 0.76, 56, 0, 0.24720%, 162, 65535
1646587380, 0, 0, 40, 0, 0, 0.24720%, 0, 0, 0, 0.68, 57, 0, 0.24720%, 162, 65535
1646587381, 0, 0, 40, 0, 0, 0.24720%, 0, 0, 0, 0.70, 58, 0, 0.24720%, 162, 65535
1646587382, 0, 0, 40, 0, 0, 0.24720%, 0, 0, 0, 0.74, 59, 0, 0.24720%, 162, 65535
1646587384, 0, 0, 40, 0, 0, 0.24720%, 0, 0, 0, 0.72, 60, 0, 0.24720%, 162, 65535
1646587385, 0, 0, 40, 0, 0, 0.24720%, 0, 0, 0, 0.75, 61, 0, 0.24720%, 162, 65535
1646587386, 0, 0, 41, 0, 0, 0.24720%, 0, 0, 0, 0.69, 62, 0, 0.24720%, 162, 65535
1646587388, 0, 0, 41, 0, 0, 0.24720%, 0, 0, 0, 0.74, 63, 0, 0.24720%, 162, 65535
1646587389, 0, 0, 42, 0, 0, 0.24720%, 0, 0, 0, 0.62, 64, 0, 0.24720%, 162, 65535
1646587391, 0, 0, 42, 0, 0, 0.24720%, 0, 0, 0, 0.72, 65, 0, 0.24720%, 162, 65535
1646587392, 0, 0, 42, 0, 0, 0.24720%, 0, 0, 0, 0.72, 66, 0, 0.24720%, 162, 65535
1646587394, 0, 0, 43, 0, 0, 0.24720%, 0, 0, 0, 0.69, 67, 0, 0.24720%, 162, 65535
1646587395, 0, 0, 43, 0, 0, 0.24720%, 0, 0, 0, 0.72, 68, 0, 0.24720%, 162, 65535
1646587396, 0, 0, 43, 0, 0, 0.24720%, 0, 0, 0, 0.71, 69, 0, 0.24720%, 162, 65535
1646587398, 0, 0, 43, 0, 0, 0.24720%, 0, 0, 0, 0.70, 70, 0, 0.24720%, 162, 65535
1646587399, 0, 0, 43, 0, 0, 0.24720%, 0, 0, 0, 0.77, 71, 0, 0.24720%, 162, 65535
1646587401, 0, 0, 43, 0, 0, 0.24720%, 0, 0, 0, 0.69, 72, 0, 0.24720%, 162, 65535
1646587402, 0, 0, 43, 0, 0, 0.24720%, 0, 0, 0, 0.71, 73, 0, 0.24720%, 162, 65535
1646587403, 0, 0, 43, 0, 0, 0.24720%, 0, 0, 0, 0.71, 74, 0, 0.24720%, 162, 65535
1646587405, 0, 0, 43, 0, 0, 0.24720%, 0, 0, 0, 0.73, 75, 0, 0.24720%, 162, 65535
1646587406, 0, 0, 43, 0, 0, 0.24720%, 0, 0, 0, 0.69, 76, 0, 0.24720%, 162, 65535
1646587408, 0, 0, 43, 0, 0, 0.24720%, 0, 0, 0, 0.72, 77, 0, 0.24720%, 162, 65535
1646587409, 0, 0, 43, 0, 0, 0.24720%, 0, 0, 0, 0.70, 78, 0, 0.24720%, 162, 65535
1646587410, 0, 0, 43, 0, 0, 0.24720%, 0, 0, 0, 0.73, 79, 0, 0.24720%, 162, 65535
1646587412, 0, 0, 43, 0, 0, 0.24720%, 0, 0, 0, 0.77, 80, 0, 0.24720%, 162, 65535
1646587413, 0, 0, 43, 0, 0, 0.24720%, 0, 0, 0, 0.65, 81, 0, 0.24720%, 162, 65535
1646587415, 0, 0, 43, 0, 0, 0.24720%, 0, 0, 0, 0.72, 82, 0, 0.24720%, 162, 65535
1646587416, 0, 0, 44, 0, 0, 0.24720%, 0, 0, 0, 0.73, 83, 0, 0.24720%, 162, 65535
1646587417, 0, 0, 44, 0, 0, 0.24720%, 0, 0, 0, 0.72, 84, 0, 0.24720%, 162, 65535
1646587419, 0, 0, 44, 0, 0, 0.24720%, 0, 0, 0, 0.73, 85, 0, 0.24720%, 162, 65535
1646587420, 0, 0, 44, 0, 0, 0.24720%, 0, 0, 0, 0.74, 86, 0, 0.24720%, 162, 65535
1646587422, 0, 0, 44, 0, 0, 0.24720%, 0, 0, 0, 0.65, 87, 0, 0.24720%, 162, 65535
1646587423, 0, 0, 44, 0, 0, 0.24720%, 0, 0, 0, 0.74, 88, 0, 0.24720%, 162, 65535
1646587425, 0, 0, 45, 0, 0, 0.24720%, 0, 0, 0, 0.69, 89, 0, 0.24720%, 162, 65535
1646587426, 0, 0, 45, 0, 0, 0.24720%, 0, 0, 0, 0.73, 90, 0, 0.24720%, 162, 65535
1646587427, 0, 0, 45, 0, 0, 0.24720%, 0, 0, 0, 0.76, 91, 0, 0.24720%, 162, 65535
1646587429, 0, 0, 45, 0, 0, 0.24720%, 0, 0, 0, 0.66, 92, 0, 0.24720%, 162, 65535
1646587430, 0, 0, 45, 0, 0, 0.24720%, 0, 0, 0, 0.72, 93, 0, 0.24720%, 162, 65535
1646587432, 0, 0, 46, 0, 0, 0.24720%, 0, 0, 0, 0.68, 94, 0, 0.24720%, 162, 65535
1646587433, 0, 0, 46, 0, 0, 0.24720%, 0, 0, 0, 0.75, 95, 0, 0.24720%, 162, 65535
1646587434, 0, 0, 46, 0, 0, 0.24720%, 0, 0, 0, 0.72, 96, 0, 0.24720%, 162, 65535
1646587436, 0, 0, 46, 0, 0, 0.24720%, 0, 0, 0, 0.74, 97, 0, 0.24720%, 162, 65535
1646587437, 0, 0, 46, 0, 0, 0.24720%, 0, 0, 0, 0.73, 98, 0, 0.24720%, 162, 65535
1646587438, 0, 0, 46, 0, 0, 0.24720%, 0, 0, 0, 0.71, 99, 0, 0.24720%, 162, 65535
1646587440, 0, 0, 46, 0, 0, 0.24720%, 0, 0, 0, 0.69, 100, 0, 0.24720%, 162, 65535
1646587441, 0, 0, 46, 0, 0, 0.24720%, 0, 0, 0, 0.72, 101, 0, 0.24720%, 162, 65535
1646587443, 0, 0, 46, 0, 0, 0.24720%, 0, 0, 0, 0.73, 102, 0, 0.24720%, 162, 65535
1646587444, 0, 0, 47, 0, 0, 0.24720%, 0, 0, 0, 0.69, 103, 0, 0.24720%, 162, 65535
1646587445, 0, 0, 47, 0, 0, 0.24720%, 0, 0, 0, 0.74, 104, 0, 0.24720%, 162, 65535
1646587447, 0, 0, 47, 0, 0, 0.24720%, 0, 0, 0, 0.70, 105, 0, 0.24720%, 162, 65535
1646587448, 0, 0, 48, 0, 0, 0.24720%, 0, 0, 0, 0.74, 106, 0, 0.24720%, 162, 65535
1646587450, 0, 0, 48, 0, 0, 0.24720%, 0, 0, 0, 0.73, 107, 0, 0.24720%, 162, 65535
1646587451, 0, 0, 48, 0, 0, 0.24720%, 0, 0, 0, 0.72, 108, 0, 0.24720%, 162, 65535
1646587452, 0, 0, 48, 0, 0, 0.24720%, 0, 0, 0, 0.70, 109, 0, 0.24720%, 162, 65535
1646587454, 0, 0, 48, 0, 0, 0.24720%, 0, 0, 0, 0.75, 110, 0, 0.24720%, 162, 65535
1646587455, 0, 0, 48, 0, 0, 0.24720%, 0, 0, 0, 0.72, 111, 0, 0.24720%, 162, 65535
1646587456, 0, 0, 48, 0, 0, 0.24720%, 0, 0, 0, 0.77, 112, 0, 0.24720%, 162, 65535
1646587458, 0, 0, 48, 0, 0, 0.24720%, 0, 0, 0, 0.65, 113, 0, 0.24720%, 162, 65535
1646587459, 0, 0, 48, 0, 0, 0.24720%, 0, 0, 0, 0.73, 114, 0, 0.24720%, 162, 65535
1646587461, 0, 0, 48, 0, 0, 0.24720%, 0, 0, 0, 0.73, 115, 0, 0.24720%, 162, 65535
1646587462, 0, 0, 49, 0, 0, 0.24720%, 0, 0, 0, 0.71, 116, 0, 0.24720%, 162, 65535
1646587464, 0, 0, 49, 0, 0, 0.24720%, 0, 0, 0, 0.73, 117, 0, 0.24720%, 162, 65535
1646587465, 0, 0, 49, 0, 0, 0.24720%, 0, 0, 0, 0.73, 118, 0, 0.24720%, 162, 65535
1646587466, 0, 0, 49, 0, 0, 0.24720%, 0, 0, 0, 0.70, 119, 0, 0.24720%, 162, 65535
1646587468, 0, 0, 49, 0, 0, 0.24720%, 0, 0, 0, 0.72, 120, 0, 0.24720%, 162, 65535
1646587469, 0, 0, 49, 0, 0, 0.24720%, 0, 0, 0, 0.72, 121, 0, 0.24720%, 162, 65535
1646587471, 0, 0, 50, 0, 0, 0.24720%, 0, 0, 0, 0.66, 122, 0, 0.24720%, 162, 65535
1646587472, 0, 0, 50, 0, 0, 0.24720%, 0, 0, 0, 0.73, 123, 0, 0.24720%, 162, 65535
1646587473, 0, 0, 51, 0, 0, 0.24720%, 0, 0, 0, 0.69, 124, 0, 0.24720%, 162, 65535
1646587475, 0, 0, 51, 0, 0, 0.24720%, 0, 0, 0, 0.72, 125, 0, 0.24720%, 162, 65535
1646587476, 0, 0, 52, 0, 0, 0.24720%, 0, 0, 0, 0.72, 126, 0, 0.24720%, 162, 65535
1646587478, 0, 0, 52, 0, 0, 0.24720%, 0, 0, 0, 0.73, 127, 0, 0.24720%, 162, 65535
1646587479, 0, 0, 53, 0, 0, 0.24720%, 0, 0, 0, 0.75, 128, 0, 0.24720%, 162, 65535
1646587480, 0, 0, 54, 0, 0, 0.24720%, 0, 0, 0, 0.65, 129, 0, 0.24720%, 162, 65535
1646587482, 0, 0, 54, 0, 0, 0.24720%, 0, 0, 0, 0.69, 130, 0, 0.24720%, 162, 65535
1646587483, 0, 0, 55, 0, 0, 0.24720%, 0, 0, 0, 0.69, 131, 0, 0.24720%, 162, 65535
1646587485, 0, 0, 56, 0, 0, 0.24720%, 0, 0, 0, 0.70, 132, 0, 0.24720%, 162, 65535
1646587486, 0, 0, 56, 0, 0, 0.24720%, 0, 0, 0, 0.77, 133, 0, 0.24720%, 162, 65535
1646587487, 0, 0, 56, 0, 0, 0.24720%, 0, 0, 0, 0.75, 134, 0, 0.24720%, 162, 65535
1646587489, 0, 0, 56, 0, 0, 0.24720%, 0, 0, 0, 0.70, 135, 0, 0.24720%, 162, 65535
1646587490, 0, 0, 56, 0, 0, 0.24720%, 0, 0, 0, 0.68, 136, 0, 0.24720%, 162, 65535
1646587492, 0, 0, 56, 0, 0, 0.24720%, 0, 0, 0, 0.72, 137, 0, 0.24720%, 162, 65535
1646587493, 0, 0, 56, 0, 0, 0.24720%, 0, 0, 0, 0.76, 138, 0, 0.24720%, 162, 65535
1646587494, 0, 0, 56, 0, 0, 0.24720%, 0, 0, 0, 0.72, 139, 0, 0.24720%, 162, 65535
1646587496, 0, 0, 57, 0, 0, 0.24720%, 0, 0, 0, 0.67, 140, 0, 0.24720%, 162, 65535
1646587497, 0, 0, 57, 0, 0, 0.24720%, 0, 0, 0, 0.66, 141, 0, 0.24720%, 162, 65535
1646587499, 0, 0, 57, 0, 0, 0.24720%, 0, 0, 0, 0.73, 142, 0, 0.24720%, 162, 65535
1646587500, 0, 0, 57, 0, 0, 0.24720%, 0, 0, 0, 0.71, 143, 0, 0.24720%, 162, 65535
1646587502, 0, 0, 58, 0, 0, 0.24720%, 0, 0, 0, 0.71, 144, 0, 0.24720%, 162, 65535
1646587503, 0, 0, 58, 0, 0, 0.24720%, 0, 0, 0, 0.70, 145, 0, 0.24720%, 162, 65535
1646587504, 0, 0, 58, 0, 0, 0.24720%, 0, 0, 0, 0.70, 146, 0, 0.24720%, 162, 65535
1646587506, 0, 0, 58, 0, 0, 0.24720%, 0, 0, 0, 0.73, 147, 0, 0.24720%, 162, 65535
1646587507, 0, 0, 58, 0, 0, 0.24720%, 0, 0, 0, 0.70, 148, 0, 0.24720%, 162, 65535
1646587509, 0, 0, 59, 0, 0, 0.24720%, 0, 0, 0, 0.72, 149, 0, 0.24720%, 162, 65535
1646587510, 0, 0, 59, 0, 0, 0.24720%, 0, 0, 0, 0.75, 150, 0, 0.24720%, 162, 65535
1646587511, 0, 0, 59, 0, 0, 0.24720%, 0, 0, 0, 0.68, 151, 0, 0.24720%, 162, 65535
1646587513, 0, 0, 59, 0, 0, 0.24720%, 0, 0, 0, 0.79, 152, 0, 0.24720%, 162, 65535
1646587514, 0, 0, 59, 0, 0, 0.24720%, 0, 0, 0, 0.70, 153, 0, 0.24720%, 162, 65535
1646587515, 0, 0, 59, 0, 0, 0.24720%, 0, 0, 0, 0.73, 154, 0, 0.24720%, 162, 65535
1646587517, 0, 0, 59, 0, 0, 0.24720%, 0, 0, 0, 0.71, 155, 0, 0.24720%, 162, 65535
1646587518, 0, 0, 59, 0, 0, 0.24720%, 0, 0, 0, 0.76, 156, 0, 0.24720%, 162, 65535
1646587520, 0, 0, 59, 0, 0, 0.24720%, 0, 0, 0, 0.65, 157, 0, 0.24720%, 162, 65535
1646587521, 0, 0, 59, 0, 0, 0.24720%, 0, 0, 0, 0.70, 158, 0, 0.24720%, 162, 65535
1646587523, 0, 0, 59, 0, 0, 0.24720%, 0, 0, 0, 0.73, 159, 0, 0.24720%, 162, 65535
1646587524, 0, 0, 60, 0, 0, 0.24872%, 0, 0, 0, 0.70, 160, 0, 0.24872%, 163, 65535
1646587525, 0, 0, 60, 0, 0, 0.24872%, 0, 0, 0, 0.69, 161, 0, 0.24872%, 163, 65535
1646587527, 0, 0, 60, 0, 0, 0.24872%, 0, 0, 0, 0.72, 162, 0, 0.24872%, 163, 65535
1646587528, 0, 0, 60, 0, 0, 0.24872%, 0, 0, 0, 0.71, 163, 0, 0.24872%, 163, 65535
1646587530, 0, 0, 60, 0, 0, 0.24872%, 0, 0, 0, 0.75, 164, 0, 0.24872%, 163, 65535
1646587531, 0, 0, 60, 0, 0, 0.24872%, 0, 0, 0, 0.70, 165, 0, 0.24872%, 163, 65535
