# unix_time, cycles_done, cur_path, paths_total, pending_total, pending_favs, map_size, unique_crashes, unique_hangs, max_depth, execs_per_sec, valid_inputs, invalid_inputs, valid_cov
1646587653, 0, 0, 1, 0, 0, 0.20905%, 0, 0, 0, 0.11, 1, 0, 0.20905%, 137, 65535
1646587654, 0, 0, 2, 0, 0, 0.21057%, 0, 0, 0, 0.64, 2, 0, 0.21057%, 138, 65535
1646587656, 0, 0, 3, 0, 0, 0.23041%, 0, 0, 0, 0.61, 3, 0, 0.23041%, 151, 65535
1646587657, 0, 0, 4, 0, 0, 0.23041%, 0, 0, 0, 0.68, 4, 0, 0.23041%, 151, 65535
1646587659, 0, 0, 5, 0, 0, 0.23041%, 0, 0, 0, 0.67, 5, 0, 0.23041%, 151, 65535
1646587660, 0, 0, 6, 0, 0, 0.23041%, 0, 0, 0, 0.68, 6, 0, 0.23041%, 151, 65535
1646587662, 0, 0, 7, 0, 0, 0.23346%, 0, 0, 0, 0.67, 7, 0, 0.23346%, 153, 65535
1646587663, 0, 0, 8, 0, 0, 0.23651%, 0, 0, 0, 0.69, 8, 0, 0.23651%, 155, 65535
1646587665, 0, 0, 9, 0, 0, 0.23804%, 0, 0, 0, 0.63, 9, 0, 0.23804%, 156, 65535
1646587666, 0, 0, 10, 0, 0, 0.23804%, 0, 0, 0, 0.73, 10, 0, 0.23804%, 156, 65535
1646587668, 0, 0, 11, 0, 0, 0.23804%, 0, 0, 0, 0.66, 11, 0, 0.23804%, 156, 65535
1646587669, 0, 0, 12, 0, 0, 0.23804%, 0, 0, 0, 0.67, 12, 0, 0.23804%, 156, 65535
1646587671, 0, 0, 13, 0, 0, 0.23804%, 0, 0, 0, 0.73, 13, 0, 0.23804%, 156, 65535
1646587672, 0, 0, 13, 0, 0, 0.23804%, 0, 0, 0, 0.70, 14, 0, 0.23804%, 156, 65535
1646587673, 0, 0, 14, 0, 0, 0.23804%, 0, 0, 0, 0.69, 15, 0, 0.23804%, 156, 65535
1646587675, 0, 0, 15, 0, 0, 0.23804%, 0, 0, 0, 0.73, 16, 0, 0.23804%, 156, 65535
1646587676, 0, 0, 16, 0, 0, 0.24109%, 0, 0, 0, 0.70, 17, 0, 0.24109%, 158, 65535
1646587678, 0, 0, 17, 0, 0, 0.24109%, 0, 0, 0, 0.69, 18, 0, 0.24109%, 158, 65535
1646587679, 0, 0, 17, 0, 0, 0.24109%, 0, 0, 0, 0.73, 19, 0, 0.24109%, 158, 65535
1646587681, 0, 0, 18, 0, 0, 0.24109%, 0, 0, 0, 0.68, 20, 0, 0.24109%, 158, 65535
1646587682, 0, 0, 19, 0, 0, 0.24109%, 0, 0, 0, 0.68, 21, 0, 0.24109%, 158, 65535
1646587683, 0, 0, 19, 0, 0, 0.24109%, 0, 0, 0, 0.71, 22, 0, 0.24109%, 158, 65535
1646587685, 0, 0, 19, 0, 0, 0.24109%, 0, 0, 0, 0.69, 23, 0, 0.24109%, 158, 65535
1646587686, 0, 0, 20, 0, 0, 0.24109%, 0, 0, 0, 0.72, 24, 0, 0.24109%, 158, 65535
1646587688, 0, 0, 21, 0, 0, 0.24262%, 0, 0, 0, 0.69, 25, 0, 0.24262%, 159, 65535
1646587689, 0, 0, 22, 0, 0, 0.24262%, 0, 0, 0, 0.66, 26, 0, 0.24262%, 159, 65535
1646587691, 0, 0, 23, 0, 0, 0.24262%, 0, 0, 0, 0.68, 27, 0, 0.24262%, 159, 65535
1646587692, 0, 0, 23, 0, 0, 0.24262%, 0, 0, 0, 0.69, 28, 0, 0.24262%, 159, 65535
1646587694, 0, 0, 24, 0, 0, 0.24262%, 0, 0, 0, 0.69, 29, 0, 0.24262%, 159, 65535
1646587695, 0, 0, 25, 0, 0, 0.24262%, 0, 0, 0, 0.68, 30, 0, 0.24262%, 159, 65535
1646587697, 0, 0, 26, 0, 0, 0.24262%, 0, 0, 0, 0.70, 31, 0, 0.24262%, 159, 65535
1646587698, 0, 0, 27, 0, 0, 0.24262%, 0, 0, 0, 0.71, 32, 0, 0.24262%, 159, 65535
1646587699, 0, 0, 27, 0, 0, 0.24262%, 0, 0, 0, 0.70, 33, 0, 0.24262%, 159, 65535
1646587701, 0, 0, 28, 0, 0, 0.24262%, 0, 0, 0, 0.72, 34, 0, 0.24262%, 159, 65535
1646587702, 0, 0, 29, 0, 0, 0.24262%, 0, 0, 0, 0.68, 35, 0, 0.24262%, 159, 65535
1646587704, 0, 0, 30, 0, 0, 0.24262%, 0, 0, 0, 0.72, 36, 0, 0.24262%, 159, 65535
1646587705, 0, 0, 30, 0, 0, 0.24262%, 0, 0, 0, 0.71, 37, 0, 0.24262%, 159, 65535
1646587706, 0, 0, 30, 0, 0, 0.24262%, 0, 0, 0, 0.68, 38, 0, 0.24262%, 159, 65535
1646587708, 0, 0, 31, 0, 0, 0.24262%, 0, 0, 0, 0.67, 39, 0, 0.24262%, 159, 65535
1646587709, 0, 0, 31, 0, 0, 0.24262%, 0, 0, 0, 0.72, 40, 0, 0.24262%, 159, 65535
1646587711, 0, 0, 32, 0, 0, 0.24262%, 0, 0, 0, 0.66, 41, 0, 0.24262%, 159, 65535
1646587712, 0, 0, 32, 0, 0, 0.24262%, 0, 0, 0, 0.69, 42, 0, 0.24262%, 159, 65535
1646587714, 0, 0, 32, 0, 0, 0.24262%, 0, 0, 0, 0.71, 43, 0, 0.24262%, 159, 65535
1646587715, 0, 0, 33, 0, 0, 0.24567%, 0, 0, 0, 0.63, 44, 0, 0.24567%, 161, 65535
1646587717, 0, 0, 33, 0, 0, 0.24567%, 0, 0, 0, 0.67, 45, 0, 0.24567%, 161, 65535
1646587718, 0, 0, 34, 0, 0, 0.24567%, 0, 0, 0, 0.69, 46, 0, 0.24567%, 161, 65535
1646587720, 0, 0, 35, 0, 0, 0.24567%, 0, 0, 0, 0.72, 47, 0, 0.24567%, 161, 65535
1646587721, 0, 0, 35, 0, 0, 0.24567%, 0, 0, 0, 0.69, 48, 0, 0.24567%, 161, 65535
1646587723, 0, 0, 35, 0, 0, 0.24567%, 0, 0, 0, 0.70, 49, 0, 0.24567%, 161, 65535
1646587724, 0, 0, 36, 0, 0, 0.24567%, 0, 0, 0, 0.73, 50, 0, 0.24567%, 161, 65535
1646587725, 0, 0, 37, 0, 0, 0.24567%, 0, 0, 0, 0.69, 51, 0, 0.24567%, 161, 65535
1646587727, 0, 0, 37, 0, 0, 0.24567%, 0, 0, 0, 0.70, 52, 0, 0.24567%, 161, 65535
1646587728, 0, 0, 37, 0, 0, 0.24567%, 0, 0, 0, 0.70, 53, 0, 0.24567%, 161, 65535
1646587730, 0, 0, 37, 0, 0, 0.24567%, 0, 0, 0, 0.69, 54, 0, 0.24567%, 161, 65535
1646587731, 0, 0, 37, 0, 0, 0.24567%, 0, 0, 0, 0.71, 55, 0, 0.24567%, 161, 65535
1646587732, 0, 0, 37, 0, 0, 0.24567%, 0, 0, 0, 0.73, 56, 0, 0.24567%, 161, 65535
1646587734, 0, 0, 38, 0, 0, 0.24567%, 0, 0, 0, 0.70, 57, 0, 0.24567%, 161, 65535
1646587735, 0, 0, 39, 0, 0, 0.25025%, 0, 0, 0, 0.72, 58, 0, 0.25025%, 164, 65535
1646587737, 0, 0, 40, 0, 0, 0.25025%, 0, 0, 0, 0.69, 59, 0, 0.25025%, 164, 65535
1646587738, 0, 0, 40, 0, 0, 0.25025%, 0, 0, 0, 0.72, 60, 0, 0.25025%, 164, 65535
1646587739, 0, 0, 41, 0, 0, 0.25025%, 0, 0, 0, 0.71, 61, 0, 0.25025%, 164, 65535
1646587741, 0, 0, 41, 0, 0, 0.25025%, 0, 0, 0, 0.70, 62, 0, 0.25025%, 164, 65535
1646587742, 0, 0, 41, 0, 0, 0.25025%, 0, 0, 0, 0.71, 63, 0, 0.25025%, 164, 65535
1646587744, 0, 0, 42, 0, 0, 0.25025%, 0, 0, 0, 0.70, 64, 0, 0.25025%, 164, 65535
1646587745, 0, 0, 42, 0, 0, 0.25025%, 0, 0, 0, 0.69, 65, 0, 0.25025%, 164, 65535
1646587747, 0, 0, 42, 0, 0, 0.25025%, 0, 0, 0, 0.73, 66, 0, 0.25025%, 164, 65535
1646587748, 0, 0, 42, 0, 0, 0.25025%, 0, 0, 0, 0.67, 67, 0, 0.25025%, 164, 65535
1646587750, 0, 0, 43, 0, 0, 0.25025%, 0, 0, 0, 0.70, 68, 0, 0.25025%, 164, 65535
1646587751, 0, 0, 44, 0, 0, 0.25025%, 0, 0, 0, 0.69, 69, 0, 0.25025%, 164, 65535
1646587752, 0, 0, 44, 0, 0, 0.25025%, 0, 0, 0, 0.76, 70, 0, 0.25025%, 164, 65535
1646587754, 0, 0, 45, 0, 0, 0.25025%, 0, 0, 0, 0.68, 71, 0, 0.25025%, 164, 65535
1646587755, 0, 0, 45, 0, 0, 0.25025%, 0, 0, 0, 0.73, 72, 0, 0.25025%, 164, 65535
1646587757, 0, 0, 45, 0, 0, 0.25025%, 0, 0, 0, 0.71, 73, 0, 0.25025%, 164, 65535
1646587758, 0, 0, 45, 0, 0, 0.25025%, 0, 0, 0, 0.71, 74, 0, 0.25025%, 164, 65535
1646587759, 0, 0, 45, 0, 0, 0.25025%, 0, 0, 0, 0.71, 75, 0, 0.25025%, 164, 65535
1646587761, 0, 0, 45, 0, 0, 0.25025%, 0, 0, 0, 0.70, 76, 0, 0.25025%, 164, 65535
1646587762, 0, 0, 45, 0, 0, 0.25025%, 0, 0, 0, 0.73, 77, 0, 0.25025%, 164, 65535
1646587764, 0, 0, 45, 0, 0, 0.25025%, 0, 0, 0, 0.70, 78, 0, 0.25025%, 164, 65535
1646587765, 0, 0, 46, 0, 0, 0.25025%, 0, 0, 0, 0.66, 79, 0, 0.25025%, 164, 65535
1646587767, 0, 0, 46, 0, 0, 0.25025%, 0, 0, 0, 0.67, 80, 0, 0.25025%, 164, 65535
1646587768, 0, 0, 46, 0, 0, 0.25025%, 0, 0, 0, 0.74, 81, 0, 0.25025%, 164, 65535
1646587769, 0, 0, 46, 0, 0, 0.25025%, 0, 0, 0, 0.68, 82, 0, 0.25025%, 164, 65535
1646587771, 0, 0, 46, 0, 0, 0.25025%, 0, 0, 0, 0.69, 83, 0, 0.25025%, 164, 65535
1646587772, 0, 0, 46, 0, 0, 0.25025%, 0, 0, 0, 0.72, 84, 0, 0.25025%, 164, 65535
1646587774, 0, 0, 46, 0, 0, 0.25025%, 0, 0, 0, 0.70, 85, 0, 0.25025%, 164, 65535
1646587775, 0, 0, 46, 0, 0, 0.25025%, 0, 0, 0, 0.72, 86, 0, 0.25025%, 164, 65535
1646587777, 0, 0, 47, 0, 0, 0.25025%, 0, 0, 0, 0.69, 87, 0, 0.25025%, 164, 65535
1646587778, 0, 0, 47, 0, 0, 0.25025%, 0, 0, 0, 0.74, 88, 0, 0.25025%, 164, 65535
1646587779, 0, 0, 47, 0, 0, 0.25025%, 0, 0, 0, 0.70, 89, 0, 0.25025%, 164, 65535
1646587781, 0, 0, 47, 0, 0, 0.25025%, 0, 0, 0, 0.72, 90, 0, 0.25025%, 164, 65535
1646587782, 0, 0, 47, 0, 0, 0.25025%, 0, 0, 0, 0.68, 91, 0, 0.25025%, 164, 65535
1646587784, 0, 0, 47, 0, 0, 0.25025%, 0, 0, 0, 0.70, 92, 0, 0.25025%, 164, 65535
1646587785, 0, 0, 47, 0, 0, 0.25025%, 0, 0, 0, 0.71, 93, 0, 0.25025%, 164, 65535
1646587787, 0, 0, 48, 0, 0, 0.25177%, 0, 0, 0, 0.64, 94, 0, 0.25177%, 165, 65535
1646587788, 0, 0, 48, 0, 0, 0.25177%, 0, 0, 0, 0.68, 95, 0, 0.25177%, 165, 65535
1646587790, 0, 0, 48, 0, 0, 0.25177%, 0, 0, 0, 0.66, 96, 0, 0.25177%, 165, 65535
1646587791, 0, 0, 48, 0, 0, 0.25177%, 0, 0, 0, 0.65, 97, 0, 0.25177%, 165, 65535
1646587792, 0, 0, 48, 0, 0, 0.25177%, 0, 0, 0, 0.72, 98, 0, 0.25177%, 165, 65535
1646587794, 0, 0, 48, 0, 0, 0.25177%, 0, 0, 0, 0.73, 99, 0, 0.25177%, 165, 65535
1646587795, 0, 0, 48, 0, 0, 0.25177%, 0, 0, 0, 0.67, 100, 0, 0.25177%, 165, 65535
1646587797, 0, 0, 48, 0, 0, 0.25177%, 0, 0, 0, 0.69, 101, 0, 0.25177%, 165, 65535
1646587798, 0, 0, 49, 0, 0, 0.25177%, 0, 0, 0, 0.69, 102, 0, 0.25177%, 165, 65535
1646587800, 0, 0, 49, 0, 0, 0.25177%, 0, 0, 0, 0.75, 103, 0, 0.25177%, 165, 65535
1646587801, 0, 0, 49, 0, 0, 0.25177%, 0, 0, 0, 0.68, 104, 0, 0.25177%, 165, 65535
1646587802, 0, 0, 49, 0, 0, 0.25177%, 0, 0, 0, 0.73, 105, 0, 0.25177%, 165, 65535
1646587804, 0, 0, 50, 0, 0, 0.25177%, 0, 0, 0, 0.70, 106, 0, 0.25177%, 165, 65535
1646587805, 0, 0, 50, 0, 0, 0.25177%, 0, 0, 0, 0.71, 107, 0, 0.25177%, 165, 65535
1646587807, 0, 0, 51, 0, 0, 0.25177%, 0, 0, 0, 0.68, 108, 0, 0.25177%, 165, 65535
1646587808, 0, 0, 51, 0, 0, 0.25177%, 0, 0, 0, 0.68, 109, 0, 0.25177%, 165, 65535
1646587810, 0, 0, 51, 0, 0, 0.25177%, 0, 0, 0, 0.75, 110, 0, 0.25177%, 165, 65535
1646587811, 0, 0, 51, 0, 0, 0.25177%, 0, 0, 0, 0.68, 111, 0, 0.25177%, 165, 65535
1646587812, 0, 0, 51, 0, 0, 0.25177%, 0, 0, 0, 0.67, 112, 0, 0.25177%, 165, 65535
1646587814, 0, 0, 51, 0, 0, 0.25177%, 0, 0, 0, 0.70, 113, 0, 0.25177%, 165, 65535
1646587815, 0, 0, 51, 0, 0, 0.25177%, 0, 0, 0, 0.71, 114, 0, 0.25177%, 165, 65535
1646587817, 0, 0, 51, 0, 0, 0.25177%, 0, 0, 0, 0.73, 115, 0, 0.25177%, 165, 65535
1646587818, 0, 0, 51, 0, 0, 0.25177%, 0, 0, 0, 0.73, 116, 0, 0.25177%, 165, 65535
1646587819, 0, 0, 52, 0, 0, 0.25177%, 0, 0, 0, 0.72, 117, 0, 0.25177%, 165, 65535
1646587821, 0, 0, 52, 0, 0, 0.25177%, 0, 0, 0, 0.72, 118, 0, 0.25177%, 165, 65535
1646587822, 0, 0, 52, 0, 0, 0.25177%, 0, 0, 0, 0.70, 119, 0, 0.25177%, 165, 65535
1646587824, 0, 0, 52, 0, 0, 0.25177%, 0, 0, 0, 0.70, 120, 0, 0.25177%, 165, 65535
1646587825, 0, 0, 52, 0, 0, 0.25177%, 0, 0, 0, 0.69, 121, 0, 0.25177%, 165, 65535
1646587827, 0, 0, 52, 0, 0, 0.25177%, 0, 0, 0, 0.68, 122, 0, 0.25177%, 165, 65535
1646587828, 0, 0, 52, 0, 0, 0.25177%, 0, 0, 0, 0.75, 123, 0, 0.25177%, 165, 65535
1646587829, 0, 0, 52, 0, 0, 0.25177%, 0, 0, 0, 0.69, 124, 0, 0.25177%, 165, 65535
1646587831, 0, 0, 52, 0, 0, 0.25177%, 0, 0, 0, 0.71, 125, 0, 0.25177%, 165, 65535
1646587832, 0, 0, 52, 0, 0, 0.25177%, 0, 0, 0, 0.70, 126, 0, 0.25177%, 165, 65535
1646587834, 0, 0, 53, 0, 0, 0.25177%, 0, 0, 0, 0.68, 127, 0, 0.25177%, 165, 65535
1646587835, 0, 0, 54, 0, 0, 0.25177%, 0, 0, 0, 0.69, 128, 0, 0.25177%, 165, 65535
1646587837, 0, 0, 55, 0, 0, 0.25177%, 0, 0, 0, 0.72, 129, 0, 0.25177%, 165, 65535
1646587838, 0, 0, 55, 0, 0, 0.25177%, 0, 0, 0, 0.71, 130, 0, 0.25177%, 165, 65535
1646587839, 0, 0, 55, 0, 0, 0.25177%, 0, 0, 0, 0.70, 131, 0, 0.25177%, 165, 65535
1646587841, 0, 0, 56, 0, 0, 0.25177%, 0, 0, 0, 0.75, 132, 0, 0.25177%, 165, 65535
1646587842, 0, 0, 56, 0, 0, 0.25177%, 0, 0, 0, 0.67, 133, 0, 0.25177%, 165, 65535
1646587844, 0, 0, 56, 0, 0, 0.25177%, 0, 0, 0, 0.70, 134, 0, 0.25177%, 165, 65535
1646587845, 0, 0, 56, 0, 0, 0.25177%, 0, 0, 0, 0.71, 135, 0, 0.25177%, 165, 65535
1646587847, 0, 0, 56, 0, 0, 0.25177%, 0, 0, 0, 0.68, 136, 0, 0.25177%, 165, 65535
1646587848, 0, 0, 56, 0, 0, 0.25177%, 0, 0, 0, 0.70, 137, 0, 0.25177%, 165, 65535
1646587849, 0, 0, 56, 0, 0, 0.25177%, 0, 0, 0, 0.72, 138, 0, 0.25177%, 165, 65535
1646587851, 0, 0, 56, 0, 0, 0.25177%, 0, 0, 0, 0.70, 139, 0, 0.25177%, 165, 65535
1646587852, 0, 0, 56, 0, 0, 0.25177%, 0, 0, 0, 0.70, 140, 0, 0.25177%, 165, 65535
1646587854, 0, 0, 57, 0, 0, 0.25177%, 0, 0, 0, 0.66, 141, 0, 0.25177%, 165, 65535
1646587855, 0, 0, 58, 0, 0, 0.25177%, 0, 0, 0, 0.74, 142, 0, 0.25177%, 165, 65535
1646587856, 0, 0, 58, 0, 0, 0.25177%, 0, 0, 0, 0.71, 143, 0, 0.25177%, 165, 65535
1646587858, 0, 0, 58, 0, 0, 0.25177%, 0, 0, 0, 0.72, 144, 0, 0.25177%, 165, 65535
1646587859, 0, 0, 58, 0, 0, 0.25177%, 0, 0, 0, 0.70, 145, 0, 0.25177%, 165, 65535
1646587861, 0, 0, 58, 0, 0, 0.25177%, 0, 0, 0, 0.70, 146, 0, 0.25177%, 165, 65535
1646587862, 0, 0, 58, 0, 0, 0.25177%, 0, 0, 0, 0.71, 147, 0, 0.25177%, 165, 65535
1646587864, 0, 0, 58, 0, 0, 0.25177%, 0, 0, 0, 0.69, 148, 0, 0.25177%, 165, 65535
1646587865, 0, 0, 58, 0, 0, 0.25177%, 0, 0, 0, 0.69, 149, 0, 0.25177%, 165, 65535
1646587866, 0, 0, 58, 0, 0, 0.25177%, 0, 0, 0, 0.71, 150, 0, 0.25177%, 165, 65535
1646587868, 0, 0, 58, 0, 0, 0.25177%, 0, 0, 0, 0.69, 151, 0, 0.25177%, 165, 65535
1646587869, 0, 0, 58, 0, 0, 0.25177%, 0, 0, 0, 0.74, 152, 0, 0.25177%, 165, 65535
1646587871, 0, 0, 58, 0, 0, 0.25177%, 0, 0, 0, 0.70, 153, 0, 0.25177%, 165, 65535
1646587872, 0, 0, 58, 0, 0, 0.25177%, 0, 0, 0, 0.73, 154, 0, 0.25177%, 165, 65535
1646587874, 0, 0, 58, 0, 0, 0.25177%, 0, 0, 0, 0.68, 155, 0, 0.25177%, 165, 65535
1646587875, 0, 0, 58, 0, 0, 0.25177%, 0, 0, 0, 0.74, 156, 0, 0.25177%, 165, 65535
1646587876, 0, 0, 58, 0, 0, 0.25177%, 0, 0, 0, 0.64, 157, 0, 0.25177%, 165, 65535
1646587878, 0, 0, 58, 0, 0, 0.25177%, 0, 0, 0, 0.67, 158, 0, 0.25177%, 165, 65535
1646587879, 0, 0, 58, 0, 0, 0.25177%, 0, 0, 0, 0.73, 159, 0, 0.25177%, 165, 65535
1646587881, 0, 0, 58, 0, 0, 0.25177%, 0, 0, 0, 0.71, 160, 0, 0.25177%, 165, 65535
1646587882, 0, 0, 58, 0, 0, 0.25177%, 0, 0, 0, 0.70, 161, 0, 0.25177%, 165, 65535
1646587884, 0, 0, 58, 0, 0, 0.25177%, 0, 0, 0, 0.66, 162, 0, 0.25177%, 165, 65535
1646587885, 0, 0, 59, 0, 0, 0.25177%, 0, 0, 0, 0.72, 163, 0, 0.25177%, 165, 65535
1646587886, 0, 0, 59, 0, 0, 0.25177%, 0, 0, 0, 0.73, 164, 0, 0.25177%, 165, 65535
1646587888, 0, 0, 59, 0, 0, 0.25177%, 0, 0, 0, 0.72, 165, 0, 0.25177%, 165, 65535
1646587889, 0, 0, 59, 0, 0, 0.25177%, 0, 0, 0, 0.68, 166, 0, 0.25177%, 165, 65535
1646587891, 0, 0, 59, 0, 0, 0.25177%, 0, 0, 0, 0.69, 167, 0, 0.25177%, 165, 65535
1646587892, 0, 0, 59, 0, 0, 0.25177%, 0, 0, 0, 0.71, 168, 0, 0.25177%, 165, 65535
1646587894, 0, 0, 59, 0, 0, 0.25177%, 0, 0, 0, 0.69, 169, 0, 0.25177%, 165, 65535
1646587895, 0, 0, 59, 0, 0, 0.25177%, 0, 0, 0, 0.68, 170, 0, 0.25177%, 165, 65535
