# unix_time, cycles_done, cur_path, paths_total, pending_total, pending_favs, map_size, unique_crashes, unique_hangs, max_depth, execs_per_sec, valid_inputs, invalid_inputs, valid_cov
1646533145, 0, 0, 1, 0, 0, 0.15259%, 0, 0, 0, 0.10, 1, 0, 0.15259%, 100, 65535
1646533145, 0, 0, 2, 0, 0, 0.16327%, 0, 0, 0, 1.51, 2, 0, 0.16327%, 107, 65535
1646533146, 0, 0, 3, 0, 0, 0.16327%, 0, 0, 0, 1.36, 3, 0, 0.16327%, 107, 65535
1646533147, 0, 0, 4, 0, 0, 0.19074%, 0, 0, 0, 0.72, 4, 0, 0.19074%, 125, 65535
1646533150, 0, 0, 5, 0, 0, 0.19989%, 0, 0, 0, 0.46, 5, 0, 0.19989%, 131, 65535
1646533150, 0, 0, 6, 0, 0, 0.20142%, 0, 0, 0, 1.72, 6, 0, 0.20142%, 132, 65535
1646533151, 0, 0, 7, 0, 0, 0.20142%, 0, 0, 0, 2.38, 7, 0, 0.20142%, 132, 65535
1646533151, 0, 0, 8, 0, 0, 0.20294%, 0, 0, 0, 2.84, 9, 0, 0.20294%, 133, 65535
1646533152, 0, 0, 9, 0, 0, 0.20294%, 0, 0, 0, 1.19, 10, 0, 0.20294%, 133, 65535
1646533153, 0, 0, 9, 0, 0, 0.20294%, 0, 0, 0, 1.19, 11, 0, 0.20294%, 133, 65535
1646533154, 0, 0, 10, 0, 0, 0.20294%, 0, 0, 0, 1.75, 12, 0, 0.20294%, 133, 65535
1646533155, 0, 0, 11, 0, 0, 0.20294%, 0, 0, 0, 0.75, 13, 0, 0.20294%, 133, 65535
1646533156, 0, 0, 12, 0, 0, 0.20294%, 0, 0, 0, 0.92, 14, 0, 0.20294%, 133, 65535
1646533157, 0, 0, 13, 0, 0, 0.20447%, 0, 0, 0, 1.82, 15, 0, 0.20447%, 134, 65535
1646533157, 0, 0, 14, 0, 0, 0.20447%, 0, 0, 0, 1.23, 16, 0, 0.20447%, 134, 65535
1646533158, 0, 0, 15, 0, 0, 0.20447%, 0, 0, 0, 2.36, 17, 0, 0.20447%, 134, 65535
1646533159, 0, 0, 15, 0, 0, 0.20447%, 0, 0, 0, 0.98, 18, 0, 0.20447%, 134, 65535
1646533160, 0, 0, 15, 0, 0, 0.20447%, 0, 0, 0, 1.27, 19, 0, 0.20447%, 134, 65535
1646533161, 0, 0, 15, 0, 0, 0.20447%, 0, 0, 0, 0.73, 20, 0, 0.20447%, 134, 65535
1646533162, 0, 0, 16, 0, 0, 0.20447%, 0, 0, 0, 0.69, 21, 0, 0.20447%, 134, 65535
1646533164, 0, 0, 17, 0, 0, 0.20447%, 0, 0, 0, 0.55, 22, 0, 0.20447%, 134, 65535
1646533165, 0, 0, 18, 0, 0, 0.21057%, 0, 0, 0, 0.87, 23, 0, 0.21057%, 138, 65535
1646533166, 0, 0, 18, 0, 0, 0.21057%, 0, 0, 0, 1.21, 24, 0, 0.21057%, 138, 65535
1646533167, 0, 0, 18, 0, 0, 0.21057%, 0, 0, 0, 0.88, 25, 0, 0.21057%, 138, 65535
1646533169, 0, 0, 19, 0, 0, 0.21210%, 0, 0, 0, 0.70, 26, 0, 0.21210%, 139, 65535
1646533169, 0, 0, 19, 0, 0, 0.21210%, 0, 0, 0, 1.55, 27, 0, 0.21210%, 139, 65535
1646533170, 0, 0, 20, 0, 0, 0.21210%, 0, 0, 0, 1.44, 28, 0, 0.21210%, 139, 65535
1646533171, 0, 0, 21, 0, 0, 0.21363%, 0, 0, 0, 1.02, 29, 0, 0.21363%, 140, 65535
1646533172, 0, 0, 21, 0, 0, 0.21363%, 0, 0, 0, 1.81, 30, 0, 0.21363%, 140, 65535
1646533172, 0, 0, 21, 0, 0, 0.21363%, 0, 0, 0, 1.74, 31, 0, 0.21363%, 140, 65535
1646533173, 0, 0, 21, 0, 0, 0.21363%, 0, 0, 0, 1.21, 32, 0, 0.21363%, 140, 65535
1646533174, 0, 0, 21, 0, 0, 0.21363%, 0, 0, 0, 0.72, 33, 0, 0.21363%, 140, 65535
1646533176, 0, 0, 21, 0, 0, 0.21363%, 0, 0, 0, 0.68, 34, 0, 0.21363%, 140, 65535
1646533177, 0, 0, 21, 0, 0, 0.21363%, 0, 0, 0, 1.37, 35, 0, 0.21363%, 140, 65535
1646533178, 0, 0, 22, 0, 0, 0.21515%, 0, 0, 0, 0.85, 36, 0, 0.21515%, 141, 65535
1646533179, 0, 0, 22, 0, 0, 0.21515%, 0, 0, 0, 1.29, 37, 0, 0.21515%, 141, 65535
1646533180, 0, 0, 22, 0, 0, 0.21515%, 0, 0, 0, 0.69, 38, 0, 0.21515%, 141, 65535
1646533181, 0, 0, 22, 0, 0, 0.21515%, 0, 0, 0, 1.85, 39, 0, 0.21515%, 141, 65535
1646533182, 0, 0, 23, 0, 0, 0.21515%, 0, 0, 0, 0.74, 40, 0, 0.21515%, 141, 65535
1646533183, 0, 0, 23, 0, 0, 0.21515%, 0, 0, 0, 1.72, 41, 0, 0.21515%, 141, 65535
1646533183, 0, 0, 23, 0, 0, 0.21515%, 0, 0, 0, 2.19, 42, 0, 0.21515%, 141, 65535
1646533184, 0, 0, 23, 0, 0, 0.21515%, 0, 0, 0, 1.56, 43, 0, 0.21515%, 141, 65535
1646533184, 0, 0, 23, 0, 0, 0.21515%, 0, 0, 0, 2.20, 44, 0, 0.21515%, 141, 65535
1646533185, 0, 0, 24, 0, 0, 0.21515%, 0, 0, 0, 0.99, 45, 0, 0.21515%, 141, 65535
1646533186, 0, 0, 25, 0, 0, 0.21515%, 0, 0, 0, 0.82, 46, 0, 0.21515%, 141, 65535
1646533187, 0, 0, 26, 0, 0, 0.21668%, 0, 0, 0, 2.70, 47, 0, 0.21668%, 142, 65535
1646533188, 0, 0, 26, 0, 0, 0.21668%, 0, 0, 0, 0.72, 48, 0, 0.21668%, 142, 65535
1646533189, 0, 0, 26, 0, 0, 0.21668%, 0, 0, 0, 0.73, 49, 0, 0.21668%, 142, 65535
1646533190, 0, 0, 26, 0, 0, 0.21668%, 0, 0, 0, 0.98, 50, 0, 0.21668%, 142, 65535
1646533191, 0, 0, 26, 0, 0, 0.21668%, 0, 0, 0, 1.17, 51, 0, 0.21668%, 142, 65535
1646533192, 0, 0, 26, 0, 0, 0.21668%, 0, 0, 0, 3.24, 52, 0, 0.21668%, 142, 65535
1646533192, 0, 0, 26, 0, 0, 0.21668%, 0, 0, 0, 1.95, 53, 0, 0.21668%, 142, 65535
1646533193, 0, 0, 27, 0, 0, 0.21668%, 0, 0, 0, 1.17, 54, 0, 0.21668%, 142, 65535
1646533194, 0, 0, 27, 0, 0, 0.21668%, 0, 0, 0, 1.05, 55, 0, 0.21668%, 142, 65535
1646533195, 0, 0, 27, 0, 0, 0.21668%, 0, 0, 0, 1.43, 56, 0, 0.21668%, 142, 65535
1646533195, 0, 0, 27, 0, 0, 0.21668%, 0, 0, 0, 2.27, 57, 0, 0.21668%, 142, 65535
1646533197, 0, 0, 28, 0, 0, 0.21668%, 0, 0, 0, 0.66, 58, 0, 0.21668%, 142, 65535
1646533198, 0, 0, 28, 0, 0, 0.21668%, 0, 0, 0, 0.96, 59, 0, 0.21668%, 142, 65535
1646533199, 0, 0, 28, 0, 0, 0.21668%, 0, 0, 0, 0.64, 60, 0, 0.21668%, 142, 65535
1646533200, 0, 0, 28, 0, 0, 0.21668%, 0, 0, 0, 1.26, 61, 0, 0.21668%, 142, 65535
1646533201, 0, 0, 28, 0, 0, 0.21668%, 0, 0, 0, 0.96, 62, 0, 0.21668%, 142, 65535
1646533203, 0, 0, 28, 0, 0, 0.21668%, 0, 0, 0, 0.65, 63, 0, 0.21668%, 142, 65535
1646533204, 0, 0, 28, 0, 0, 0.21668%, 0, 0, 0, 0.65, 64, 0, 0.21668%, 142, 65535
1646533205, 0, 0, 28, 0, 0, 0.21668%, 0, 0, 0, 1.24, 65, 0, 0.21668%, 142, 65535
1646533206, 0, 0, 28, 0, 0, 0.21668%, 0, 0, 0, 0.81, 66, 0, 0.21668%, 142, 65535
1646533207, 0, 0, 28, 0, 0, 0.21668%, 0, 0, 0, 1.51, 67, 0, 0.21668%, 142, 65535
1646533208, 0, 0, 28, 0, 0, 0.21668%, 0, 0, 0, 1.09, 68, 0, 0.21668%, 142, 65535
1646533209, 0, 0, 29, 0, 0, 0.21668%, 0, 0, 0, 0.68, 69, 0, 0.21668%, 142, 65535
1646533210, 0, 0, 30, 0, 0, 0.21668%, 0, 0, 0, 5.00, 71, 0, 0.21668%, 142, 65535
1646533211, 0, 0, 31, 0, 0, 0.21668%, 0, 0, 0, 2.06, 74, 0, 0.21668%, 142, 65535
1646533212, 0, 0, 31, 0, 0, 0.21668%, 0, 0, 0, 0.75, 75, 0, 0.21668%, 142, 65535
1646533215, 0, 0, 32, 0, 0, 0.21668%, 0, 0, 0, 0.36, 76, 0, 0.21668%, 142, 65535
1646533216, 0, 0, 32, 0, 0, 0.21668%, 0, 0, 0, 1.92, 77, 0, 0.21668%, 142, 65535
1646533217, 0, 0, 32, 0, 0, 0.21668%, 0, 0, 0, 0.76, 78, 0, 0.21668%, 142, 65535
1646533219, 0, 0, 32, 0, 0, 0.21668%, 0, 0, 0, 0.60, 79, 0, 0.21668%, 142, 65535
1646533219, 0, 0, 32, 0, 0, 0.21668%, 0, 0, 0, 1.87, 80, 0, 0.21668%, 142, 65535
1646533220, 0, 0, 32, 0, 0, 0.21668%, 0, 0, 0, 1.79, 81, 0, 0.21668%, 142, 65535
1646533221, 0, 0, 32, 0, 0, 0.21668%, 0, 0, 0, 0.61, 82, 0, 0.21668%, 142, 65535
1646533223, 0, 0, 32, 0, 0, 0.21668%, 0, 0, 0, 0.74, 83, 0, 0.21668%, 142, 65535
1646533223, 0, 0, 32, 0, 0, 0.21668%, 0, 0, 0, 2.17, 84, 0, 0.21668%, 142, 65535
1646533224, 0, 0, 32, 0, 0, 0.21668%, 0, 0, 0, 1.48, 85, 0, 0.21668%, 142, 65535
1646533225, 0, 0, 32, 0, 0, 0.21668%, 0, 0, 0, 1.12, 86, 0, 0.21668%, 142, 65535
1646533225, 0, 0, 32, 0, 0, 0.21668%, 0, 0, 0, 1.75, 87, 0, 0.21668%, 142, 65535
1646533227, 0, 0, 32, 0, 0, 0.21668%, 0, 0, 0, 0.71, 88, 0, 0.21668%, 142, 65535
1646533228, 0, 0, 32, 0, 0, 0.21668%, 0, 0, 0, 1.14, 89, 0, 0.21668%, 142, 65535
1646533228, 0, 0, 33, 0, 0, 0.21668%, 0, 0, 0, 2.91, 91, 0, 0.21668%, 142, 65535
1646533229, 0, 0, 33, 0, 0, 0.21668%, 0, 0, 0, 3.42, 93, 0, 0.21668%, 142, 65535
1646533229, 0, 0, 34, 0, 0, 0.21668%, 0, 0, 0, 2.59, 94, 0, 0.21668%, 142, 65535
1646533230, 0, 0, 34, 0, 0, 0.21668%, 0, 0, 0, 2.54, 95, 0, 0.21668%, 142, 65535
1646533231, 0, 0, 34, 0, 0, 0.21668%, 0, 0, 0, 0.62, 96, 0, 0.21668%, 142, 65535
1646533232, 0, 0, 34, 0, 0, 0.21668%, 0, 0, 0, 1.07, 97, 0, 0.21668%, 142, 65535
1646533233, 0, 0, 34, 0, 0, 0.21668%, 0, 0, 0, 1.73, 98, 0, 0.21668%, 142, 65535
1646533233, 0, 0, 34, 0, 0, 0.21668%, 0, 0, 0, 1.89, 99, 0, 0.21668%, 142, 65535
1646533234, 0, 0, 34, 0, 0, 0.21668%, 0, 0, 0, 1.82, 100, 0, 0.21668%, 142, 65535
1646533235, 0, 0, 34, 0, 0, 0.21668%, 0, 0, 0, 1.45, 101, 0, 0.21668%, 142, 65535
1646533235, 0, 0, 34, 0, 0, 0.21668%, 0, 0, 0, 1.27, 102, 0, 0.21668%, 142, 65535
1646533237, 0, 0, 34, 0, 0, 0.21668%, 0, 0, 0, 0.83, 103, 0, 0.21668%, 142, 65535
1646533237, 0, 0, 34, 0, 0, 0.21668%, 0, 0, 0, 1.66, 104, 0, 0.21668%, 142, 65535
1646533238, 0, 0, 34, 0, 0, 0.21668%, 0, 0, 0, 2.31, 105, 0, 0.21668%, 142, 65535
1646533238, 0, 0, 34, 0, 0, 0.21668%, 0, 0, 0, 1.27, 106, 0, 0.21668%, 142, 65535
1646533239, 0, 0, 34, 0, 0, 0.21668%, 0, 0, 0, 1.45, 107, 0, 0.21668%, 142, 65535
1646533241, 0, 0, 34, 0, 0, 0.21668%, 0, 0, 0, 0.69, 108, 0, 0.21668%, 142, 65535
1646533242, 0, 0, 34, 0, 0, 0.21668%, 0, 0, 0, 0.92, 109, 0, 0.21668%, 142, 65535
1646533242, 0, 0, 34, 0, 0, 0.21668%, 0, 0, 0, 1.98, 110, 0, 0.21668%, 142, 65535
1646533244, 0, 0, 35, 0, 0, 0.21668%, 0, 0, 0, 0.56, 111, 0, 0.21668%, 142, 65535
1646533245, 0, 0, 35, 0, 0, 0.21668%, 0, 0, 0, 0.67, 112, 0, 0.21668%, 142, 65535
1646533246, 0, 0, 35, 0, 0, 0.21668%, 0, 0, 0, 1.16, 113, 0, 0.21668%, 142, 65535
1646533247, 0, 0, 35, 0, 0, 0.21668%, 0, 0, 0, 1.06, 114, 0, 0.21668%, 142, 65535
1646533249, 0, 0, 36, 0, 0, 0.21668%, 0, 0, 0, 0.58, 115, 0, 0.21668%, 142, 65535
1646533250, 0, 0, 37, 0, 0, 0.21668%, 0, 0, 0, 0.99, 116, 0, 0.21668%, 142, 65535
1646533251, 0, 0, 37, 0, 0, 0.21668%, 0, 0, 0, 1.22, 117, 0, 0.21668%, 142, 65535
1646533251, 0, 0, 37, 0, 0, 0.21668%, 0, 0, 0, 1.76, 118, 0, 0.21668%, 142, 65535
1646533253, 0, 0, 37, 0, 0, 0.21668%, 0, 0, 0, 0.75, 119, 0, 0.21668%, 142, 65535
1646533254, 0, 0, 37, 0, 0, 0.21668%, 0, 0, 0, 0.76, 120, 0, 0.21668%, 142, 65535
1646533255, 0, 0, 37, 0, 0, 0.21668%, 0, 0, 0, 1.67, 121, 0, 0.21668%, 142, 65535
1646533255, 0, 0, 37, 0, 0, 0.21668%, 0, 0, 0, 1.24, 122, 0, 0.21668%, 142, 65535
1646533256, 0, 0, 37, 0, 0, 0.21668%, 0, 0, 0, 1.01, 123, 0, 0.21668%, 142, 65535
1646533257, 0, 0, 37, 0, 0, 0.21668%, 0, 0, 0, 0.99, 124, 0, 0.21668%, 142, 65535
1646533258, 0, 0, 38, 0, 0, 0.21668%, 0, 0, 0, 1.53, 125, 0, 0.21668%, 142, 65535
1646533259, 0, 0, 38, 0, 0, 0.21668%, 0, 0, 0, 1.57, 126, 0, 0.21668%, 142, 65535
1646533260, 0, 0, 38, 0, 0, 0.21668%, 0, 0, 0, 1.17, 127, 0, 0.21668%, 142, 65535
1646533260, 0, 0, 38, 0, 0, 0.21668%, 0, 0, 0, 1.24, 128, 0, 0.21668%, 142, 65535
1646533261, 0, 0, 39, 0, 0, 0.21668%, 0, 0, 0, 1.26, 129, 0, 0.21668%, 142, 65535
1646533263, 0, 0, 39, 0, 0, 0.21668%, 0, 0, 0, 0.69, 130, 0, 0.21668%, 142, 65535
1646533263, 0, 0, 39, 0, 0, 0.21668%, 0, 0, 0, 3.22, 131, 0, 0.21668%, 142, 65535
1646533264, 0, 0, 39, 0, 0, 0.21668%, 0, 0, 0, 0.80, 132, 0, 0.21668%, 142, 65535
1646533265, 0, 0, 39, 0, 0, 0.21668%, 0, 0, 0, 1.57, 133, 0, 0.21668%, 142, 65535
1646533266, 0, 0, 39, 0, 0, 0.21668%, 0, 0, 0, 1.01, 134, 0, 0.21668%, 142, 65535
1646533267, 0, 0, 39, 0, 0, 0.21668%, 0, 0, 0, 1.17, 135, 0, 0.21668%, 142, 65535
1646533269, 0, 0, 39, 0, 0, 0.21668%, 0, 0, 0, 0.53, 136, 0, 0.21668%, 142, 65535
1646533270, 0, 0, 40, 0, 0, 0.21668%, 0, 0, 0, 0.82, 137, 0, 0.21668%, 142, 65535
1646533271, 0, 0, 40, 0, 0, 0.21668%, 0, 0, 0, 1.01, 138, 0, 0.21668%, 142, 65535
1646533271, 0, 0, 40, 0, 0, 0.21668%, 0, 0, 0, 1.73, 139, 0, 0.21668%, 142, 65535
1646533272, 0, 0, 40, 0, 0, 0.21668%, 0, 0, 0, 1.33, 140, 0, 0.21668%, 142, 65535
1646533272, 0, 0, 40, 0, 0, 0.21668%, 0, 0, 0, 2.58, 141, 0, 0.21668%, 142, 65535
1646533273, 0, 0, 40, 0, 0, 0.21668%, 0, 0, 0, 1.04, 142, 0, 0.21668%, 142, 65535
1646533275, 0, 0, 40, 0, 0, 0.21668%, 0, 0, 0, 0.82, 143, 0, 0.21668%, 142, 65535
1646533276, 0, 0, 40, 0, 0, 0.21668%, 0, 0, 0, 0.88, 144, 0, 0.21668%, 142, 65535
1646533276, 0, 0, 40, 0, 0, 0.21668%, 0, 0, 0, 1.52, 145, 0, 0.21668%, 142, 65535
1646533277, 0, 0, 40, 0, 0, 0.21668%, 0, 0, 0, 1.29, 146, 0, 0.21668%, 142, 65535
1646533278, 0, 0, 40, 0, 0, 0.21668%, 0, 0, 0, 1.31, 147, 0, 0.21668%, 142, 65535
1646533279, 0, 0, 40, 0, 0, 0.21668%, 0, 0, 0, 0.73, 148, 0, 0.21668%, 142, 65535
1646533280, 0, 0, 40, 0, 0, 0.21668%, 0, 0, 0, 0.95, 149, 0, 0.21668%, 142, 65535
1646533282, 0, 0, 40, 0, 0, 0.21668%, 0, 0, 0, 0.77, 150, 0, 0.21668%, 142, 65535
1646533282, 0, 0, 40, 0, 0, 0.21668%, 0, 0, 0, 1.36, 151, 0, 0.21668%, 142, 65535
1646533284, 0, 0, 40, 0, 0, 0.21668%, 0, 0, 0, 0.64, 152, 0, 0.21668%, 142, 65535
1646533284, 0, 0, 40, 0, 0, 0.21668%, 0, 0, 0, 2.80, 153, 0, 0.21668%, 142, 65535
1646533285, 0, 0, 40, 0, 0, 0.21668%, 0, 0, 0, 1.10, 154, 0, 0.21668%, 142, 65535
1646533286, 0, 0, 40, 0, 0, 0.21668%, 0, 0, 0, 1.71, 155, 0, 0.21668%, 142, 65535
1646533286, 0, 0, 40, 0, 0, 0.21668%, 0, 0, 0, 2.70, 156, 0, 0.21668%, 142, 65535
1646533288, 0, 0, 40, 0, 0, 0.21668%, 0, 0, 0, 0.73, 157, 0, 0.21668%, 142, 65535
1646533288, 0, 0, 40, 0, 0, 0.21668%, 0, 0, 0, 1.35, 158, 0, 0.21668%, 142, 65535
1646533289, 0, 0, 40, 0, 0, 0.21668%, 0, 0, 0, 1.70, 159, 0, 0.21668%, 142, 65535
1646533290, 0, 0, 40, 0, 0, 0.21668%, 0, 0, 0, 1.46, 160, 0, 0.21668%, 142, 65535
1646533291, 0, 0, 40, 0, 0, 0.21668%, 0, 0, 0, 0.95, 161, 0, 0.21668%, 142, 65535
1646533291, 0, 0, 40, 0, 0, 0.21668%, 0, 0, 0, 1.53, 162, 0, 0.21668%, 142, 65535
1646533292, 0, 0, 40, 0, 0, 0.21668%, 0, 0, 0, 1.00, 163, 0, 0.21668%, 142, 65535
1646533293, 0, 0, 40, 0, 0, 0.21668%, 0, 0, 0, 1.69, 164, 0, 0.21668%, 142, 65535
1646533296, 0, 0, 41, 0, 0, 0.21668%, 0, 0, 0, 0.28, 165, 0, 0.21668%, 142, 65535
1646533297, 0, 0, 41, 0, 0, 0.21668%, 0, 0, 0, 2.91, 166, 0, 0.21668%, 142, 65535
1646533297, 0, 0, 41, 0, 0, 0.21668%, 0, 0, 0, 3.12, 167, 0, 0.21668%, 142, 65535
1646533299, 0, 0, 41, 0, 0, 0.21668%, 0, 0, 0, 0.56, 168, 0, 0.21668%, 142, 65535
1646533300, 0, 0, 41, 0, 0, 0.21668%, 0, 0, 0, 0.81, 169, 0, 0.21668%, 142, 65535
1646533301, 0, 0, 42, 0, 0, 0.21668%, 0, 0, 0, 0.78, 170, 0, 0.21668%, 142, 65535
1646533304, 0, 0, 42, 0, 0, 0.21668%, 0, 0, 0, 0.42, 171, 0, 0.21668%, 142, 65535
1646533305, 0, 0, 42, 0, 0, 0.21668%, 0, 0, 0, 0.84, 172, 0, 0.21668%, 142, 65535
1646533306, 0, 0, 42, 0, 0, 0.21668%, 0, 0, 0, 1.11, 173, 0, 0.21668%, 142, 65535
1646533307, 0, 0, 42, 0, 0, 0.21668%, 0, 0, 0, 1.40, 174, 0, 0.21668%, 142, 65535
1646533308, 0, 0, 42, 0, 0, 0.21668%, 0, 0, 0, 1.05, 175, 0, 0.21668%, 142, 65535
1646533309, 0, 0, 42, 0, 0, 0.21668%, 0, 0, 0, 0.89, 176, 0, 0.21668%, 142, 65535
1646533309, 0, 0, 42, 0, 0, 0.21668%, 0, 0, 0, 1.33, 177, 0, 0.21668%, 142, 65535
1646533311, 0, 0, 42, 0, 0, 0.21668%, 0, 0, 0, 0.73, 178, 0, 0.21668%, 142, 65535
1646533312, 0, 0, 42, 0, 0, 0.21668%, 0, 0, 0, 1.27, 179, 0, 0.21668%, 142, 65535
1646533312, 0, 0, 42, 0, 0, 0.21668%, 0, 0, 0, 1.14, 180, 0, 0.21668%, 142, 65535
1646533313, 0, 0, 42, 0, 0, 0.21668%, 0, 0, 0, 1.08, 181, 0, 0.21668%, 142, 65535
1646533314, 0, 0, 42, 0, 0, 0.21668%, 0, 0, 0, 1.12, 182, 0, 0.21668%, 142, 65535
1646533315, 0, 0, 42, 0, 0, 0.21668%, 0, 0, 0, 0.98, 183, 0, 0.21668%, 142, 65535
1646533316, 0, 0, 42, 0, 0, 0.21668%, 0, 0, 0, 1.27, 184, 0, 0.21668%, 142, 65535
1646533318, 0, 0, 42, 0, 0, 0.21668%, 0, 0, 0, 0.71, 185, 0, 0.21668%, 142, 65535
1646533319, 0, 0, 42, 0, 0, 0.21668%, 0, 0, 0, 0.88, 186, 0, 0.21668%, 142, 65535
1646533320, 0, 0, 42, 0, 0, 0.21668%, 0, 0, 0, 1.03, 187, 0, 0.21668%, 142, 65535
1646533321, 0, 0, 42, 0, 0, 0.21668%, 0, 0, 0, 0.55, 188, 0, 0.21668%, 142, 65535
1646533323, 0, 0, 42, 0, 0, 0.21668%, 0, 0, 0, 0.78, 189, 0, 0.21668%, 142, 65535
1646533323, 0, 0, 42, 0, 0, 0.21668%, 0, 0, 0, 1.52, 190, 0, 0.21668%, 142, 65535
1646533325, 0, 0, 42, 0, 0, 0.21668%, 0, 0, 0, 0.83, 191, 0, 0.21668%, 142, 65535
1646533327, 0, 0, 42, 0, 0, 0.21668%, 0, 0, 0, 0.46, 192, 0, 0.21668%, 142, 65535
1646533328, 0, 0, 42, 0, 0, 0.21668%, 0, 0, 0, 0.96, 193, 0, 0.21668%, 142, 65535
1646533328, 0, 0, 42, 0, 0, 0.21668%, 0, 0, 0, 1.45, 194, 0, 0.21668%, 142, 65535
1646533330, 0, 0, 42, 0, 0, 0.21668%, 0, 0, 0, 0.87, 195, 0, 0.21668%, 142, 65535
1646533331, 0, 0, 42, 0, 0, 0.21668%, 0, 0, 0, 0.85, 196, 0, 0.21668%, 142, 65535
1646533332, 0, 0, 43, 0, 0, 0.21668%, 0, 0, 0, 0.99, 197, 0, 0.21668%, 142, 65535
1646533333, 0, 0, 43, 0, 0, 0.21668%, 0, 0, 0, 1.07, 198, 0, 0.21668%, 142, 65535
1646533334, 0, 0, 43, 0, 0, 0.21668%, 0, 0, 0, 0.65, 199, 0, 0.21668%, 142, 65535
1646533335, 0, 0, 43, 0, 0, 0.21668%, 0, 0, 0, 1.63, 200, 0, 0.21668%, 142, 65535
