# unix_time, cycles_done, cur_path, paths_total, pending_total, pending_favs, map_size, unique_crashes, unique_hangs, max_depth, execs_per_sec, valid_inputs, invalid_inputs, valid_cov
1645728079, 0, 0, 1, 0, 0, 0.19074%, 0, 0, 0, 0.09, 1, 0, 0.19074%, 125, 65535
1645728081, 0, 0, 2, 0, 0, 0.22583%, 0, 0, 0, 0.43, 2, 0, 0.22583%, 148, 65535
1645728083, 0, 0, 3, 0, 0, 0.22889%, 0, 0, 0, 0.46, 3, 0, 0.22889%, 150, 65535
1645728086, 0, 0, 4, 0, 0, 0.23041%, 0, 0, 0, 0.47, 4, 0, 0.23041%, 151, 65535
1645728088, 0, 0, 5, 0, 0, 0.23346%, 0, 0, 0, 0.46, 5, 0, 0.23346%, 153, 65535
1645728090, 0, 0, 6, 0, 0, 0.23346%, 0, 0, 0, 0.47, 6, 0, 0.23346%, 153, 65535
1645728092, 0, 0, 7, 0, 0, 0.23346%, 0, 0, 0, 0.49, 7, 0, 0.23346%, 153, 65535
1645728094, 0, 0, 8, 0, 0, 0.23651%, 0, 0, 0, 0.44, 8, 0, 0.23651%, 155, 65535
1645728096, 0, 0, 9, 0, 0, 0.23651%, 0, 0, 0, 0.47, 9, 0, 0.23651%, 155, 65535
1645728098, 0, 0, 10, 0, 0, 0.23651%, 0, 0, 0, 0.47, 10, 0, 0.23651%, 155, 65535
1645728101, 0, 0, 11, 0, 0, 0.23804%, 0, 0, 0, 0.47, 11, 0, 0.23804%, 156, 65535
1645728103, 0, 0, 12, 0, 0, 0.23804%, 0, 0, 0, 0.43, 12, 0, 0.23804%, 156, 65535
1645728105, 0, 0, 13, 0, 0, 0.23804%, 0, 0, 0, 0.47, 13, 0, 0.23804%, 156, 65535
1645728107, 0, 0, 14, 0, 0, 0.23804%, 0, 0, 0, 0.48, 14, 0, 0.23804%, 156, 65535
1645728109, 0, 0, 15, 0, 0, 0.23804%, 0, 0, 0, 0.48, 15, 0, 0.23804%, 156, 65535
1645728111, 0, 0, 16, 0, 0, 0.23804%, 0, 0, 0, 0.47, 16, 0, 0.23804%, 156, 65535
1645728113, 0, 0, 17, 0, 0, 0.23957%, 0, 0, 0, 0.48, 17, 0, 0.23957%, 157, 65535
1645728115, 0, 0, 18, 0, 0, 0.23957%, 0, 0, 0, 0.47, 18, 0, 0.23957%, 157, 65535
1645728118, 0, 0, 18, 0, 0, 0.23957%, 0, 0, 0, 0.47, 19, 0, 0.23957%, 157, 65535
1645728120, 0, 0, 19, 0, 0, 0.24109%, 0, 0, 0, 0.48, 20, 0, 0.24109%, 158, 65535
1645728122, 0, 0, 19, 0, 0, 0.24109%, 0, 0, 0, 0.49, 21, 0, 0.24109%, 158, 65535
1645728124, 0, 0, 19, 0, 0, 0.24109%, 0, 0, 0, 0.50, 22, 0, 0.24109%, 158, 65535
1645728126, 0, 0, 20, 0, 0, 0.24109%, 0, 0, 0, 0.49, 23, 0, 0.24109%, 158, 65535
1645728128, 0, 0, 21, 0, 0, 0.24109%, 0, 0, 0, 0.45, 24, 0, 0.24109%, 158, 65535
1645728130, 0, 0, 22, 0, 0, 0.24109%, 0, 0, 0, 0.47, 25, 0, 0.24109%, 158, 65535
1645728132, 0, 0, 23, 0, 0, 0.24109%, 0, 0, 0, 0.49, 26, 0, 0.24109%, 158, 65535
1645728134, 0, 0, 24, 0, 0, 0.24109%, 0, 0, 0, 0.47, 27, 0, 0.24109%, 158, 65535
1645728136, 0, 0, 24, 0, 0, 0.24109%, 0, 0, 0, 0.49, 28, 0, 0.24109%, 158, 65535
1645728138, 0, 0, 24, 0, 0, 0.24109%, 0, 0, 0, 0.48, 29, 0, 0.24109%, 158, 65535
1645728140, 0, 0, 25, 0, 0, 0.24109%, 0, 0, 0, 0.48, 30, 0, 0.24109%, 158, 65535
1645728143, 0, 0, 26, 0, 0, 0.24262%, 0, 0, 0, 0.47, 31, 0, 0.24262%, 159, 65535
1645728145, 0, 0, 26, 0, 0, 0.24262%, 0, 0, 0, 0.48, 32, 0, 0.24262%, 159, 65535
1645728147, 0, 0, 27, 0, 0, 0.24262%, 0, 0, 0, 0.46, 33, 0, 0.24262%, 159, 65535
1645728149, 0, 0, 27, 0, 0, 0.24262%, 0, 0, 0, 0.48, 34, 0, 0.24262%, 159, 65535
1645728151, 0, 0, 27, 0, 0, 0.24262%, 0, 0, 0, 0.48, 35, 0, 0.24262%, 159, 65535
1645728153, 0, 0, 28, 0, 0, 0.24262%, 0, 0, 0, 0.47, 36, 0, 0.24262%, 159, 65535
1645728155, 0, 0, 28, 0, 0, 0.24262%, 0, 0, 0, 0.50, 37, 0, 0.24262%, 159, 65535
1645728157, 0, 0, 28, 0, 0, 0.24262%, 0, 0, 0, 0.48, 38, 0, 0.24262%, 159, 65535
1645728159, 0, 0, 29, 0, 0, 0.24262%, 0, 0, 0, 0.46, 39, 0, 0.24262%, 159, 65535
1645728162, 0, 0, 29, 0, 0, 0.24262%, 0, 0, 0, 0.48, 40, 0, 0.24262%, 159, 65535
1645728164, 0, 0, 30, 0, 0, 0.24262%, 0, 0, 0, 0.49, 41, 0, 0.24262%, 159, 65535
1645728166, 0, 0, 31, 0, 0, 0.24262%, 0, 0, 0, 0.47, 42, 0, 0.24262%, 159, 65535
1645728168, 0, 0, 31, 0, 0, 0.24262%, 0, 0, 0, 0.48, 43, 0, 0.24262%, 159, 65535
1645728170, 0, 0, 32, 0, 0, 0.24262%, 0, 0, 0, 0.47, 44, 0, 0.24262%, 159, 65535
1645728172, 0, 0, 32, 0, 0, 0.24262%, 0, 0, 0, 0.50, 45, 0, 0.24262%, 159, 65535
1645728174, 0, 0, 32, 0, 0, 0.24262%, 0, 0, 0, 0.49, 46, 0, 0.24262%, 159, 65535
1645728176, 0, 0, 33, 0, 0, 0.24262%, 0, 0, 0, 0.46, 47, 0, 0.24262%, 159, 65535
1645728178, 0, 0, 34, 0, 0, 0.24262%, 0, 0, 0, 0.49, 48, 0, 0.24262%, 159, 65535
1645728180, 0, 0, 35, 0, 0, 0.24262%, 0, 0, 0, 0.46, 49, 0, 0.24262%, 159, 65535
1645728182, 0, 0, 35, 0, 0, 0.24262%, 0, 0, 0, 0.50, 50, 0, 0.24262%, 159, 65535
1645728185, 0, 0, 36, 0, 0, 0.24262%, 0, 0, 0, 0.45, 51, 0, 0.24262%, 159, 65535
1645728187, 0, 0, 37, 0, 0, 0.24567%, 0, 0, 0, 0.47, 52, 0, 0.24567%, 161, 65535
1645728189, 0, 0, 37, 0, 0, 0.24567%, 0, 0, 0, 0.48, 53, 0, 0.24567%, 161, 65535
1645728191, 0, 0, 37, 0, 0, 0.24567%, 0, 0, 0, 0.49, 54, 0, 0.24567%, 161, 65535
1645728193, 0, 0, 38, 0, 0, 0.24567%, 0, 0, 0, 0.51, 55, 0, 0.24567%, 161, 65535
1645728195, 0, 0, 38, 0, 0, 0.24567%, 0, 0, 0, 0.47, 56, 0, 0.24567%, 161, 65535
1645728197, 0, 0, 39, 0, 0, 0.24567%, 0, 0, 0, 0.48, 57, 0, 0.24567%, 161, 65535
1645728199, 0, 0, 39, 0, 0, 0.24567%, 0, 0, 0, 0.49, 58, 0, 0.24567%, 161, 65535
1645728201, 0, 0, 39, 0, 0, 0.24567%, 0, 0, 0, 0.50, 59, 0, 0.24567%, 161, 65535
1645728203, 0, 0, 39, 0, 0, 0.24567%, 0, 0, 0, 0.48, 60, 0, 0.24567%, 161, 65535
1645728205, 0, 0, 40, 0, 0, 0.24567%, 0, 0, 0, 0.46, 61, 0, 0.24567%, 161, 65535
1645728207, 0, 0, 40, 0, 0, 0.24567%, 0, 0, 0, 0.50, 62, 0, 0.24567%, 161, 65535
1645728209, 0, 0, 40, 0, 0, 0.24567%, 0, 0, 0, 0.48, 63, 0, 0.24567%, 161, 65535
1645728211, 0, 0, 41, 0, 0, 0.24567%, 0, 0, 0, 0.50, 64, 0, 0.24567%, 161, 65535
1645728213, 0, 0, 41, 0, 0, 0.24567%, 0, 0, 0, 0.47, 65, 0, 0.24567%, 161, 65535
1645728216, 0, 0, 41, 0, 0, 0.24567%, 0, 0, 0, 0.48, 66, 0, 0.24567%, 161, 65535
1645728218, 0, 0, 41, 0, 0, 0.24567%, 0, 0, 0, 0.49, 67, 0, 0.24567%, 161, 65535
1645728220, 0, 0, 41, 0, 0, 0.24567%, 0, 0, 0, 0.49, 68, 0, 0.24567%, 161, 65535
1645728222, 0, 0, 41, 0, 0, 0.24567%, 0, 0, 0, 0.49, 69, 0, 0.24567%, 161, 65535
1645728224, 0, 0, 42, 0, 0, 0.24567%, 0, 0, 0, 0.49, 70, 0, 0.24567%, 161, 65535
1645728226, 0, 0, 42, 0, 0, 0.24567%, 0, 0, 0, 0.48, 71, 0, 0.24567%, 161, 65535
1645728228, 0, 0, 42, 0, 0, 0.24567%, 0, 0, 0, 0.47, 72, 0, 0.24567%, 161, 65535
1645728230, 0, 0, 42, 0, 0, 0.24567%, 0, 0, 0, 0.49, 73, 0, 0.24567%, 161, 65535
1645728232, 0, 0, 43, 0, 0, 0.24567%, 0, 0, 0, 0.46, 74, 0, 0.24567%, 161, 65535
1645728234, 0, 0, 44, 0, 0, 0.24567%, 0, 0, 0, 0.48, 75, 0, 0.24567%, 161, 65535
1645728236, 0, 0, 45, 0, 0, 0.24567%, 0, 0, 0, 0.47, 76, 0, 0.24567%, 161, 65535
1645728238, 0, 0, 45, 0, 0, 0.24567%, 0, 0, 0, 0.48, 77, 0, 0.24567%, 161, 65535
1645728240, 0, 0, 45, 0, 0, 0.24567%, 0, 0, 0, 0.50, 78, 0, 0.24567%, 161, 65535
1645728243, 0, 0, 46, 0, 0, 0.24567%, 0, 0, 0, 0.47, 79, 0, 0.24567%, 161, 65535
1645728245, 0, 0, 46, 0, 0, 0.24567%, 0, 0, 0, 0.50, 80, 0, 0.24567%, 161, 65535
1645728247, 0, 0, 46, 0, 0, 0.24567%, 0, 0, 0, 0.48, 81, 0, 0.24567%, 161, 65535
1645728249, 0, 0, 47, 0, 0, 0.24567%, 0, 0, 0, 0.47, 82, 0, 0.24567%, 161, 65535
1645728251, 0, 0, 47, 0, 0, 0.24567%, 0, 0, 0, 0.49, 83, 0, 0.24567%, 161, 65535
1645728253, 0, 0, 47, 0, 0, 0.24567%, 0, 0, 0, 0.50, 84, 0, 0.24567%, 161, 65535
1645728255, 0, 0, 47, 0, 0, 0.24567%, 0, 0, 0, 0.50, 85, 0, 0.24567%, 161, 65535
1645728257, 0, 0, 47, 0, 0, 0.24567%, 0, 0, 0, 0.50, 86, 0, 0.24567%, 161, 65535
1645728259, 0, 0, 47, 0, 0, 0.24567%, 0, 0, 0, 0.46, 87, 0, 0.24567%, 161, 65535
1645728261, 0, 0, 47, 0, 0, 0.24567%, 0, 0, 0, 0.49, 88, 0, 0.24567%, 161, 65535
1645728263, 0, 0, 47, 0, 0, 0.24567%, 0, 0, 0, 0.50, 89, 0, 0.24567%, 161, 65535
1645728265, 0, 0, 47, 0, 0, 0.24567%, 0, 0, 0, 0.49, 90, 0, 0.24567%, 161, 65535
1645728267, 0, 0, 48, 0, 0, 0.24567%, 0, 0, 0, 0.44, 91, 0, 0.24567%, 161, 65535
1645728269, 0, 0, 48, 0, 0, 0.24567%, 0, 0, 0, 0.49, 92, 0, 0.24567%, 161, 65535
1645728271, 0, 0, 48, 0, 0, 0.24567%, 0, 0, 0, 0.48, 93, 0, 0.24567%, 161, 65535
1645728273, 0, 0, 48, 0, 0, 0.24567%, 0, 0, 0, 0.49, 94, 0, 0.24567%, 161, 65535
1645728276, 0, 0, 48, 0, 0, 0.24567%, 0, 0, 0, 0.48, 95, 0, 0.24567%, 161, 65535
1645728278, 0, 0, 48, 0, 0, 0.24567%, 0, 0, 0, 0.48, 96, 0, 0.24567%, 161, 65535
1645728280, 0, 0, 48, 0, 0, 0.24567%, 0, 0, 0, 0.49, 97, 0, 0.24567%, 161, 65535
1645728282, 0, 0, 49, 0, 0, 0.24567%, 0, 0, 0, 0.46, 98, 0, 0.24567%, 161, 65535
1645728284, 0, 0, 49, 0, 0, 0.24567%, 0, 0, 0, 0.49, 99, 0, 0.24567%, 161, 65535
1645728286, 0, 0, 49, 0, 0, 0.24567%, 0, 0, 0, 0.50, 100, 0, 0.24567%, 161, 65535
1645728288, 0, 0, 49, 0, 0, 0.24567%, 0, 0, 0, 0.50, 101, 0, 0.24567%, 161, 65535
1645728290, 0, 0, 49, 0, 0, 0.24567%, 0, 0, 0, 0.49, 102, 0, 0.24567%, 161, 65535
1645728292, 0, 0, 49, 0, 0, 0.24567%, 0, 0, 0, 0.48, 103, 0, 0.24567%, 161, 65535
1645728294, 0, 0, 49, 0, 0, 0.24567%, 0, 0, 0, 0.49, 104, 0, 0.24567%, 161, 65535
1645728296, 0, 0, 49, 0, 0, 0.24567%, 0, 0, 0, 0.48, 105, 0, 0.24567%, 161, 65535
1645728298, 0, 0, 50, 0, 0, 0.24567%, 0, 0, 0, 0.49, 106, 0, 0.24567%, 161, 65535
1645728300, 0, 0, 50, 0, 0, 0.24567%, 0, 0, 0, 0.49, 107, 0, 0.24567%, 161, 65535
1645728302, 0, 0, 51, 0, 0, 0.24567%, 0, 0, 0, 0.48, 108, 0, 0.24567%, 161, 65535
1645728304, 0, 0, 51, 0, 0, 0.24567%, 0, 0, 0, 0.49, 109, 0, 0.24567%, 161, 65535
1645728306, 0, 0, 51, 0, 0, 0.24567%, 0, 0, 0, 0.49, 110, 0, 0.24567%, 161, 65535
1645728309, 0, 0, 51, 0, 0, 0.24567%, 0, 0, 0, 0.46, 111, 0, 0.24567%, 161, 65535
1645728311, 0, 0, 51, 0, 0, 0.24567%, 0, 0, 0, 0.49, 112, 0, 0.24567%, 161, 65535
1645728313, 0, 0, 51, 0, 0, 0.24567%, 0, 0, 0, 0.49, 113, 0, 0.24567%, 161, 65535
1645728315, 0, 0, 51, 0, 0, 0.24567%, 0, 0, 0, 0.49, 114, 0, 0.24567%, 161, 65535
1645728317, 0, 0, 51, 0, 0, 0.24567%, 0, 0, 0, 0.49, 115, 0, 0.24567%, 161, 65535
1645728319, 0, 0, 51, 0, 0, 0.24567%, 0, 0, 0, 0.49, 116, 0, 0.24567%, 161, 65535
1645728321, 0, 0, 51, 0, 0, 0.24567%, 0, 0, 0, 0.48, 117, 0, 0.24567%, 161, 65535
1645728323, 0, 0, 51, 0, 0, 0.24567%, 0, 0, 0, 0.48, 118, 0, 0.24567%, 161, 65535
1645728325, 0, 0, 52, 0, 0, 0.24567%, 0, 0, 0, 0.47, 119, 0, 0.24567%, 161, 65535
1645728327, 0, 0, 53, 0, 0, 0.24567%, 0, 0, 0, 0.46, 120, 0, 0.24567%, 161, 65535
1645728329, 0, 0, 53, 0, 0, 0.24567%, 0, 0, 0, 0.51, 121, 0, 0.24567%, 161, 65535
1645728331, 0, 0, 53, 0, 0, 0.24567%, 0, 0, 0, 0.48, 122, 0, 0.24567%, 161, 65535
1645728333, 0, 0, 53, 0, 0, 0.24567%, 0, 0, 0, 0.49, 123, 0, 0.24567%, 161, 65535
1645728335, 0, 0, 54, 0, 0, 0.24567%, 0, 0, 0, 0.50, 124, 0, 0.24567%, 161, 65535
1645728338, 0, 0, 54, 0, 0, 0.24567%, 0, 0, 0, 0.48, 125, 0, 0.24567%, 161, 65535
1645728340, 0, 0, 54, 0, 0, 0.24567%, 0, 0, 0, 0.48, 126, 0, 0.24567%, 161, 65535
1645728342, 0, 0, 54, 0, 0, 0.24567%, 0, 0, 0, 0.51, 127, 0, 0.24567%, 161, 65535
1645728344, 0, 0, 54, 0, 0, 0.24567%, 0, 0, 0, 0.46, 128, 0, 0.24567%, 161, 65535
1645728346, 0, 0, 54, 0, 0, 0.24567%, 0, 0, 0, 0.48, 129, 0, 0.24567%, 161, 65535
1645728348, 0, 0, 54, 0, 0, 0.24567%, 0, 0, 0, 0.49, 130, 0, 0.24567%, 161, 65535
1645728350, 0, 0, 55, 0, 0, 0.24567%, 0, 0, 0, 0.45, 131, 0, 0.24567%, 161, 65535
1645728352, 0, 0, 55, 0, 0, 0.24567%, 0, 0, 0, 0.49, 132, 0, 0.24567%, 161, 65535
1645728354, 0, 0, 55, 0, 0, 0.24567%, 0, 0, 0, 0.49, 133, 0, 0.24567%, 161, 65535
1645728356, 0, 0, 55, 0, 0, 0.24567%, 0, 0, 0, 0.48, 134, 0, 0.24567%, 161, 65535
1645728358, 0, 0, 55, 0, 0, 0.24567%, 0, 0, 0, 0.45, 135, 0, 0.24567%, 161, 65535
1645728360, 0, 0, 55, 0, 0, 0.24567%, 0, 0, 0, 0.51, 136, 0, 0.24567%, 161, 65535
1645728362, 0, 0, 55, 0, 0, 0.24567%, 0, 0, 0, 0.47, 137, 0, 0.24567%, 161, 65535
1645728365, 0, 0, 55, 0, 0, 0.24567%, 0, 0, 0, 0.48, 138, 0, 0.24567%, 161, 65535
1645728367, 0, 0, 55, 0, 0, 0.24567%, 0, 0, 0, 0.51, 139, 0, 0.24567%, 161, 65535
1645728369, 0, 0, 55, 0, 0, 0.24567%, 0, 0, 0, 0.49, 140, 0, 0.24567%, 161, 65535
1645728371, 0, 0, 55, 0, 0, 0.24567%, 0, 0, 0, 0.49, 141, 0, 0.24567%, 161, 65535
1645728373, 0, 0, 55, 0, 0, 0.24567%, 0, 0, 0, 0.46, 142, 0, 0.24567%, 161, 65535
1645728375, 0, 0, 55, 0, 0, 0.24567%, 0, 0, 0, 0.49, 143, 0, 0.24567%, 161, 65535
1645728377, 0, 0, 56, 0, 0, 0.24567%, 0, 0, 0, 0.49, 144, 0, 0.24567%, 161, 65535
1645728379, 0, 0, 56, 0, 0, 0.24567%, 0, 0, 0, 0.49, 145, 0, 0.24567%, 161, 65535
1645728381, 0, 0, 56, 0, 0, 0.24567%, 0, 0, 0, 0.47, 146, 0, 0.24567%, 161, 65535
1645728383, 0, 0, 56, 0, 0, 0.24567%, 0, 0, 0, 0.46, 147, 0, 0.24567%, 161, 65535
1645728385, 0, 0, 56, 0, 0, 0.24567%, 0, 0, 0, 0.48, 148, 0, 0.24567%, 161, 65535
1645728387, 0, 0, 56, 0, 0, 0.24567%, 0, 0, 0, 0.47, 149, 0, 0.24567%, 161, 65535
1645728389, 0, 0, 56, 0, 0, 0.24567%, 0, 0, 0, 0.48, 150, 0, 0.24567%, 161, 65535
1645728392, 0, 0, 56, 0, 0, 0.24567%, 0, 0, 0, 0.45, 151, 0, 0.24567%, 161, 65535
1645728394, 0, 0, 56, 0, 0, 0.24567%, 0, 0, 0, 0.52, 152, 0, 0.24567%, 161, 65535
1645728395, 0, 0, 56, 0, 0, 0.24567%, 0, 0, 0, 0.55, 153, 0, 0.24567%, 161, 65535
1645728397, 0, 0, 56, 0, 0, 0.24567%, 0, 0, 0, 0.53, 154, 0, 0.24567%, 161, 65535
1645728399, 0, 0, 56, 0, 0, 0.24567%, 0, 0, 0, 0.52, 155, 0, 0.24567%, 161, 65535
1645728401, 0, 0, 56, 0, 0, 0.24567%, 0, 0, 0, 0.48, 156, 0, 0.24567%, 161, 65535
1645728403, 0, 0, 56, 0, 0, 0.24567%, 0, 0, 0, 0.53, 157, 0, 0.24567%, 161, 65535
1645728405, 0, 0, 56, 0, 0, 0.24567%, 0, 0, 0, 0.52, 158, 0, 0.24567%, 161, 65535
1645728407, 0, 0, 56, 0, 0, 0.24567%, 0, 0, 0, 0.51, 159, 0, 0.24567%, 161, 65535
1645728409, 0, 0, 57, 0, 0, 0.24567%, 0, 0, 0, 0.50, 160, 0, 0.24567%, 161, 65535
1645728411, 0, 0, 57, 0, 0, 0.24567%, 0, 0, 0, 0.51, 161, 0, 0.24567%, 161, 65535
1645728413, 0, 0, 57, 0, 0, 0.24567%, 0, 0, 0, 0.52, 162, 0, 0.24567%, 161, 65535
1645728415, 0, 0, 57, 0, 0, 0.24567%, 0, 0, 0, 0.49, 163, 0, 0.24567%, 161, 65535
1645728417, 0, 0, 57, 0, 0, 0.24567%, 0, 0, 0, 0.45, 164, 0, 0.24567%, 161, 65535
1645728419, 0, 0, 57, 0, 0, 0.24567%, 1, 0, 0, 0.50, 164, 1, 0.24567%, 161, 65535
1645728421, 0, 0, 57, 0, 0, 0.24567%, 1, 0, 0, 0.51, 164, 2, 0.24567%, 161, 65535
1645728423, 0, 0, 57, 0, 0, 0.24567%, 1, 0, 0, 0.51, 164, 3, 0.24567%, 161, 65535
1645728425, 0, 0, 57, 0, 0, 0.24567%, 1, 0, 0, 0.51, 164, 4, 0.24567%, 161, 65535
1645728427, 0, 0, 57, 0, 0, 0.24567%, 1, 0, 0, 0.52, 164, 5, 0.24567%, 161, 65535
1645728429, 0, 0, 57, 0, 0, 0.24567%, 1, 0, 0, 0.51, 164, 6, 0.24567%, 161, 65535
1645728431, 0, 0, 57, 0, 0, 0.24567%, 1, 0, 0, 0.51, 164, 7, 0.24567%, 161, 65535
1645728433, 0, 0, 57, 0, 0, 0.24567%, 1, 0, 0, 0.49, 164, 8, 0.24567%, 161, 65535
1645728435, 0, 0, 57, 0, 0, 0.24567%, 1, 0, 0, 0.52, 164, 9, 0.24567%, 161, 65535
