# unix_time, cycles_done, cur_path, paths_total, pending_total, pending_favs, map_size, unique_crashes, unique_hangs, max_depth, execs_per_sec, valid_inputs, invalid_inputs, valid_cov
1646533422, 0, 0, 1, 0, 0, 0.19074%, 0, 0, 0, 0.09, 1, 0, 0.19074%, 125, 65535
1646533424, 0, 0, 2, 0, 0, 0.22583%, 0, 0, 0, 0.45, 2, 0, 0.22583%, 148, 65535
1646533426, 0, 0, 3, 0, 0, 0.22889%, 0, 0, 0, 0.50, 3, 0, 0.22889%, 150, 65535
1646533428, 0, 0, 4, 0, 0, 0.23041%, 0, 0, 0, 0.53, 4, 0, 0.23041%, 151, 65535
1646533430, 0, 0, 5, 0, 0, 0.23346%, 0, 0, 0, 0.49, 5, 0, 0.23346%, 153, 65535
1646533432, 0, 0, 6, 0, 0, 0.23346%, 0, 0, 0, 0.50, 6, 0, 0.23346%, 153, 65535
1646533434, 0, 0, 7, 0, 0, 0.23346%, 0, 0, 0, 0.52, 7, 0, 0.23346%, 153, 65535
1646533436, 0, 0, 8, 0, 0, 0.23651%, 0, 0, 0, 0.48, 8, 0, 0.23651%, 155, 65535
1646533438, 0, 0, 9, 0, 0, 0.23651%, 0, 0, 0, 0.50, 9, 0, 0.23651%, 155, 65535
1646533440, 0, 0, 10, 0, 0, 0.23651%, 0, 0, 0, 0.50, 10, 0, 0.23651%, 155, 65535
1646533442, 0, 0, 11, 0, 0, 0.23804%, 0, 0, 0, 0.49, 11, 0, 0.23804%, 156, 65535
1646533444, 0, 0, 12, 0, 0, 0.23804%, 0, 0, 0, 0.51, 12, 0, 0.23804%, 156, 65535
1646533446, 0, 0, 13, 0, 0, 0.23804%, 0, 0, 0, 0.49, 13, 0, 0.23804%, 156, 65535
1646533448, 0, 0, 14, 0, 0, 0.23804%, 0, 0, 0, 0.52, 14, 0, 0.23804%, 156, 65535
1646533450, 0, 0, 15, 0, 0, 0.23804%, 0, 0, 0, 0.52, 15, 0, 0.23804%, 156, 65535
1646533452, 0, 0, 16, 0, 0, 0.23804%, 0, 0, 0, 0.51, 16, 0, 0.23804%, 156, 65535
1646533454, 0, 0, 17, 0, 0, 0.23957%, 0, 0, 0, 0.49, 17, 0, 0.23957%, 157, 65535
1646533456, 0, 0, 18, 0, 0, 0.23957%, 0, 0, 0, 0.47, 18, 0, 0.23957%, 157, 65535
1646533458, 0, 0, 18, 0, 0, 0.23957%, 0, 0, 0, 0.49, 19, 0, 0.23957%, 157, 65535
1646533460, 0, 0, 19, 0, 0, 0.24109%, 0, 0, 0, 0.47, 20, 0, 0.24109%, 158, 65535
1646533462, 0, 0, 19, 0, 0, 0.24109%, 0, 0, 0, 0.50, 21, 0, 0.24109%, 158, 65535
1646533464, 0, 0, 19, 0, 0, 0.24109%, 0, 0, 0, 0.51, 22, 0, 0.24109%, 158, 65535
1646533466, 0, 0, 20, 0, 0, 0.24109%, 0, 0, 0, 0.47, 23, 0, 0.24109%, 158, 65535
1646533468, 0, 0, 21, 0, 0, 0.24109%, 0, 0, 0, 0.48, 24, 0, 0.24109%, 158, 65535
1646533470, 0, 0, 22, 0, 0, 0.24109%, 0, 0, 0, 0.52, 25, 0, 0.24109%, 158, 65535
1646533472, 0, 0, 23, 0, 0, 0.24109%, 0, 0, 0, 0.51, 26, 0, 0.24109%, 158, 65535
1646533474, 0, 0, 24, 0, 0, 0.24109%, 0, 0, 0, 0.50, 27, 0, 0.24109%, 158, 65535
1646533476, 0, 0, 24, 0, 0, 0.24109%, 0, 0, 0, 0.53, 28, 0, 0.24109%, 158, 65535
1646533478, 0, 0, 24, 0, 0, 0.24109%, 0, 0, 0, 0.51, 29, 0, 0.24109%, 158, 65535
1646533480, 0, 0, 25, 0, 0, 0.24109%, 0, 0, 0, 0.51, 30, 0, 0.24109%, 158, 65535
1646533482, 0, 0, 26, 0, 0, 0.24262%, 0, 0, 0, 0.50, 31, 0, 0.24262%, 159, 65535
1646533484, 0, 0, 26, 0, 0, 0.24262%, 0, 0, 0, 0.53, 32, 0, 0.24262%, 159, 65535
1646533486, 0, 0, 27, 0, 0, 0.24262%, 0, 0, 0, 0.48, 33, 0, 0.24262%, 159, 65535
1646533488, 0, 0, 27, 0, 0, 0.24262%, 0, 0, 0, 0.52, 34, 0, 0.24262%, 159, 65535
1646533490, 0, 0, 27, 0, 0, 0.24262%, 0, 0, 0, 0.52, 35, 0, 0.24262%, 159, 65535
1646533492, 0, 0, 28, 0, 0, 0.24262%, 0, 0, 0, 0.49, 36, 0, 0.24262%, 159, 65535
1646533494, 0, 0, 28, 0, 0, 0.24262%, 0, 0, 0, 0.52, 37, 0, 0.24262%, 159, 65535
1646533496, 0, 0, 28, 0, 0, 0.24262%, 0, 0, 0, 0.52, 38, 0, 0.24262%, 159, 65535
1646533498, 0, 0, 29, 0, 0, 0.24262%, 0, 0, 0, 0.51, 39, 0, 0.24262%, 159, 65535
1646533500, 0, 0, 29, 0, 0, 0.24262%, 0, 0, 0, 0.51, 40, 0, 0.24262%, 159, 65535
1646533502, 0, 0, 30, 0, 0, 0.24262%, 0, 0, 0, 0.49, 41, 0, 0.24262%, 159, 65535
1646533504, 0, 0, 31, 0, 0, 0.24262%, 0, 0, 0, 0.46, 42, 0, 0.24262%, 159, 65535
1646533506, 0, 0, 31, 0, 0, 0.24262%, 0, 0, 0, 0.53, 43, 0, 0.24262%, 159, 65535
1646533508, 0, 0, 32, 0, 0, 0.24262%, 0, 0, 0, 0.52, 44, 0, 0.24262%, 159, 65535
1646533510, 0, 0, 32, 0, 0, 0.24262%, 0, 0, 0, 0.51, 45, 0, 0.24262%, 159, 65535
1646533511, 0, 0, 32, 0, 0, 0.24262%, 0, 0, 0, 0.52, 46, 0, 0.24262%, 159, 65535
1646533513, 0, 0, 33, 0, 0, 0.24262%, 0, 0, 0, 0.50, 47, 0, 0.24262%, 159, 65535
1646533515, 0, 0, 34, 0, 0, 0.24262%, 0, 0, 0, 0.52, 48, 0, 0.24262%, 159, 65535
1646533517, 0, 0, 35, 0, 0, 0.24262%, 0, 0, 0, 0.49, 49, 0, 0.24262%, 159, 65535
1646533519, 0, 0, 35, 0, 0, 0.24262%, 0, 0, 0, 0.52, 50, 0, 0.24262%, 159, 65535
1646533521, 0, 0, 36, 0, 0, 0.24262%, 0, 0, 0, 0.49, 51, 0, 0.24262%, 159, 65535
1646533523, 0, 0, 37, 0, 0, 0.24567%, 0, 0, 0, 0.50, 52, 0, 0.24567%, 161, 65535
1646533525, 0, 0, 37, 0, 0, 0.24567%, 0, 0, 0, 0.54, 53, 0, 0.24567%, 161, 65535
1646533527, 0, 0, 37, 0, 0, 0.24567%, 0, 0, 0, 0.53, 54, 0, 0.24567%, 161, 65535
1646533529, 0, 0, 38, 0, 0, 0.24567%, 0, 0, 0, 0.52, 55, 0, 0.24567%, 161, 65535
1646533531, 0, 0, 38, 0, 0, 0.24567%, 0, 0, 0, 0.51, 56, 0, 0.24567%, 161, 65535
1646533533, 0, 0, 39, 0, 0, 0.24567%, 0, 0, 0, 0.50, 57, 0, 0.24567%, 161, 65535
1646533535, 0, 0, 39, 0, 0, 0.24567%, 0, 0, 0, 0.50, 58, 0, 0.24567%, 161, 65535
1646533537, 0, 0, 39, 0, 0, 0.24567%, 0, 0, 0, 0.53, 59, 0, 0.24567%, 161, 65535
1646533539, 0, 0, 39, 0, 0, 0.24567%, 0, 0, 0, 0.52, 60, 0, 0.24567%, 161, 65535
1646533541, 0, 0, 40, 0, 0, 0.24567%, 0, 0, 0, 0.51, 61, 0, 0.24567%, 161, 65535
1646533543, 0, 0, 40, 0, 0, 0.24567%, 0, 0, 0, 0.52, 62, 0, 0.24567%, 161, 65535
1646533545, 0, 0, 40, 0, 0, 0.24567%, 0, 0, 0, 0.52, 63, 0, 0.24567%, 161, 65535
1646533547, 0, 0, 41, 0, 0, 0.24567%, 0, 0, 0, 0.50, 64, 0, 0.24567%, 161, 65535
1646533549, 0, 0, 41, 0, 0, 0.24567%, 0, 0, 0, 0.52, 65, 0, 0.24567%, 161, 65535
1646533550, 0, 0, 41, 0, 0, 0.24567%, 0, 0, 0, 0.52, 66, 0, 0.24567%, 161, 65535
1646533552, 0, 0, 41, 0, 0, 0.24567%, 0, 0, 0, 0.52, 67, 0, 0.24567%, 161, 65535
1646533554, 0, 0, 41, 0, 0, 0.24567%, 0, 0, 0, 0.52, 68, 0, 0.24567%, 161, 65535
1646533556, 0, 0, 41, 0, 0, 0.24567%, 0, 0, 0, 0.54, 69, 0, 0.24567%, 161, 65535
1646533558, 0, 0, 42, 0, 0, 0.24567%, 0, 0, 0, 0.51, 70, 0, 0.24567%, 161, 65535
1646533560, 0, 0, 42, 0, 0, 0.24567%, 0, 0, 0, 0.52, 71, 0, 0.24567%, 161, 65535
1646533562, 0, 0, 42, 0, 0, 0.24567%, 0, 0, 0, 0.48, 72, 0, 0.24567%, 161, 65535
1646533564, 0, 0, 42, 0, 0, 0.24567%, 0, 0, 0, 0.51, 73, 0, 0.24567%, 161, 65535
1646533566, 0, 0, 43, 0, 0, 0.24567%, 0, 0, 0, 0.50, 74, 0, 0.24567%, 161, 65535
1646533568, 0, 0, 44, 0, 0, 0.24567%, 0, 0, 0, 0.52, 75, 0, 0.24567%, 161, 65535
1646533570, 0, 0, 45, 0, 0, 0.24567%, 0, 0, 0, 0.50, 76, 0, 0.24567%, 161, 65535
1646533572, 0, 0, 45, 0, 0, 0.24567%, 0, 0, 0, 0.52, 77, 0, 0.24567%, 161, 65535
1646533574, 0, 0, 45, 0, 0, 0.24567%, 0, 0, 0, 0.55, 78, 0, 0.24567%, 161, 65535
1646533576, 0, 0, 46, 0, 0, 0.24567%, 0, 0, 0, 0.49, 79, 0, 0.24567%, 161, 65535
1646533578, 0, 0, 46, 0, 0, 0.24567%, 0, 0, 0, 0.52, 80, 0, 0.24567%, 161, 65535
1646533580, 0, 0, 46, 0, 0, 0.24567%, 0, 0, 0, 0.54, 81, 0, 0.24567%, 161, 65535
1646533582, 0, 0, 47, 0, 0, 0.24567%, 0, 0, 0, 0.46, 82, 0, 0.24567%, 161, 65535
1646533584, 0, 0, 47, 0, 0, 0.24567%, 0, 0, 0, 0.51, 83, 0, 0.24567%, 161, 65535
1646533586, 0, 0, 47, 0, 0, 0.24567%, 0, 0, 0, 0.53, 84, 0, 0.24567%, 161, 65535
1646533587, 0, 0, 47, 0, 0, 0.24567%, 0, 0, 0, 0.54, 85, 0, 0.24567%, 161, 65535
1646533589, 0, 0, 47, 0, 0, 0.24567%, 0, 0, 0, 0.52, 86, 0, 0.24567%, 161, 65535
1646533591, 0, 0, 47, 0, 0, 0.24567%, 0, 0, 0, 0.49, 87, 0, 0.24567%, 161, 65535
1646533593, 0, 0, 47, 0, 0, 0.24567%, 0, 0, 0, 0.52, 88, 0, 0.24567%, 161, 65535
1646533595, 0, 0, 47, 0, 0, 0.24567%, 0, 0, 0, 0.53, 89, 0, 0.24567%, 161, 65535
1646533597, 0, 0, 47, 0, 0, 0.24567%, 0, 0, 0, 0.51, 90, 0, 0.24567%, 161, 65535
1646533599, 0, 0, 48, 0, 0, 0.24567%, 0, 0, 0, 0.48, 91, 0, 0.24567%, 161, 65535
1646533601, 0, 0, 48, 0, 0, 0.24567%, 0, 0, 0, 0.52, 92, 0, 0.24567%, 161, 65535
1646533603, 0, 0, 48, 0, 0, 0.24567%, 0, 0, 0, 0.51, 93, 0, 0.24567%, 161, 65535
1646533605, 0, 0, 48, 0, 0, 0.24567%, 0, 0, 0, 0.52, 94, 0, 0.24567%, 161, 65535
1646533607, 0, 0, 48, 0, 0, 0.24567%, 0, 0, 0, 0.51, 95, 0, 0.24567%, 161, 65535
1646533609, 0, 0, 48, 0, 0, 0.24567%, 0, 0, 0, 0.52, 96, 0, 0.24567%, 161, 65535
1646533611, 0, 0, 48, 0, 0, 0.24567%, 0, 0, 0, 0.51, 97, 0, 0.24567%, 161, 65535
1646533613, 0, 0, 49, 0, 0, 0.24567%, 0, 0, 0, 0.49, 98, 0, 0.24567%, 161, 65535
1646533615, 0, 0, 49, 0, 0, 0.24567%, 0, 0, 0, 0.52, 99, 0, 0.24567%, 161, 65535
1646533617, 0, 0, 49, 0, 0, 0.24567%, 0, 0, 0, 0.52, 100, 0, 0.24567%, 161, 65535
1646533619, 0, 0, 49, 0, 0, 0.24567%, 0, 0, 0, 0.52, 101, 0, 0.24567%, 161, 65535
1646533621, 0, 0, 49, 0, 0, 0.24567%, 0, 0, 0, 0.51, 102, 0, 0.24567%, 161, 65535
1646533623, 0, 0, 49, 0, 0, 0.24567%, 0, 0, 0, 0.52, 103, 0, 0.24567%, 161, 65535
1646533625, 0, 0, 49, 0, 0, 0.24567%, 0, 0, 0, 0.51, 104, 0, 0.24567%, 161, 65535
1646533626, 0, 0, 49, 0, 0, 0.24567%, 0, 0, 0, 0.51, 105, 0, 0.24567%, 161, 65535
1646533628, 0, 0, 50, 0, 0, 0.24567%, 0, 0, 0, 0.52, 106, 0, 0.24567%, 161, 65535
1646533630, 0, 0, 50, 0, 0, 0.24567%, 0, 0, 0, 0.51, 107, 0, 0.24567%, 161, 65535
1646533632, 0, 0, 51, 0, 0, 0.24567%, 0, 0, 0, 0.51, 108, 0, 0.24567%, 161, 65535
1646533634, 0, 0, 51, 0, 0, 0.24567%, 0, 0, 0, 0.53, 109, 0, 0.24567%, 161, 65535
1646533636, 0, 0, 51, 0, 0, 0.24567%, 0, 0, 0, 0.51, 110, 0, 0.24567%, 161, 65535
1646533638, 0, 0, 51, 0, 0, 0.24567%, 0, 0, 0, 0.52, 111, 0, 0.24567%, 161, 65535
1646533640, 0, 0, 51, 0, 0, 0.24567%, 0, 0, 0, 0.52, 112, 0, 0.24567%, 161, 65535
1646533642, 0, 0, 51, 0, 0, 0.24567%, 0, 0, 0, 0.51, 113, 0, 0.24567%, 161, 65535
1646533644, 0, 0, 51, 0, 0, 0.24567%, 0, 0, 0, 0.53, 114, 0, 0.24567%, 161, 65535
1646533646, 0, 0, 51, 0, 0, 0.24567%, 0, 0, 0, 0.51, 115, 0, 0.24567%, 161, 65535
1646533648, 0, 0, 51, 0, 0, 0.24567%, 0, 0, 0, 0.51, 116, 0, 0.24567%, 161, 65535
1646533650, 0, 0, 51, 0, 0, 0.24567%, 0, 0, 0, 0.52, 117, 0, 0.24567%, 161, 65535
1646533652, 0, 0, 51, 0, 0, 0.24567%, 0, 0, 0, 0.52, 118, 0, 0.24567%, 161, 65535
1646533654, 0, 0, 52, 0, 0, 0.24567%, 0, 0, 0, 0.50, 119, 0, 0.24567%, 161, 65535
1646533656, 0, 0, 53, 0, 0, 0.24567%, 0, 0, 0, 0.50, 120, 0, 0.24567%, 161, 65535
1646533658, 0, 0, 53, 0, 0, 0.24567%, 0, 0, 0, 0.52, 121, 0, 0.24567%, 161, 65535
1646533659, 0, 0, 53, 0, 0, 0.24567%, 0, 0, 0, 0.52, 122, 0, 0.24567%, 161, 65535
1646533661, 0, 0, 53, 0, 0, 0.24567%, 0, 0, 0, 0.52, 123, 0, 0.24567%, 161, 65535
1646533663, 0, 0, 54, 0, 0, 0.24567%, 0, 0, 0, 0.51, 124, 0, 0.24567%, 161, 65535
1646533665, 0, 0, 54, 0, 0, 0.24567%, 0, 0, 0, 0.51, 125, 0, 0.24567%, 161, 65535
1646533667, 0, 0, 54, 0, 0, 0.24567%, 0, 0, 0, 0.52, 126, 0, 0.24567%, 161, 65535
1646533669, 0, 0, 54, 0, 0, 0.24567%, 0, 0, 0, 0.52, 127, 0, 0.24567%, 161, 65535
1646533671, 0, 0, 54, 0, 0, 0.24567%, 0, 0, 0, 0.50, 128, 0, 0.24567%, 161, 65535
1646533673, 0, 0, 54, 0, 0, 0.24567%, 0, 0, 0, 0.50, 129, 0, 0.24567%, 161, 65535
1646533675, 0, 0, 54, 0, 0, 0.24567%, 0, 0, 0, 0.54, 130, 0, 0.24567%, 161, 65535
1646533677, 0, 0, 55, 0, 0, 0.24567%, 0, 0, 0, 0.49, 131, 0, 0.24567%, 161, 65535
1646533679, 0, 0, 55, 0, 0, 0.24567%, 0, 0, 0, 0.52, 132, 0, 0.24567%, 161, 65535
1646533681, 0, 0, 55, 0, 0, 0.24567%, 0, 0, 0, 0.53, 133, 0, 0.24567%, 161, 65535
1646533683, 0, 0, 55, 0, 0, 0.24567%, 0, 0, 0, 0.51, 134, 0, 0.24567%, 161, 65535
1646533685, 0, 0, 55, 0, 0, 0.24567%, 0, 0, 0, 0.49, 135, 0, 0.24567%, 161, 65535
1646533687, 0, 0, 55, 0, 0, 0.24567%, 0, 0, 0, 0.52, 136, 0, 0.24567%, 161, 65535
1646533689, 0, 0, 55, 0, 0, 0.24567%, 0, 0, 0, 0.51, 137, 0, 0.24567%, 161, 65535
1646533691, 0, 0, 55, 0, 0, 0.24567%, 0, 0, 0, 0.51, 138, 0, 0.24567%, 161, 65535
1646533693, 0, 0, 55, 0, 0, 0.24567%, 0, 0, 0, 0.53, 139, 0, 0.24567%, 161, 65535
1646533694, 0, 0, 55, 0, 0, 0.24567%, 0, 0, 0, 0.53, 140, 0, 0.24567%, 161, 65535
1646533696, 0, 0, 55, 0, 0, 0.24567%, 0, 0, 0, 0.51, 141, 0, 0.24567%, 161, 65535
1646533698, 0, 0, 55, 0, 0, 0.24567%, 0, 0, 0, 0.50, 142, 0, 0.24567%, 161, 65535
1646533700, 0, 0, 55, 0, 0, 0.24567%, 0, 0, 0, 0.50, 143, 0, 0.24567%, 161, 65535
1646533702, 0, 0, 56, 0, 0, 0.24567%, 0, 0, 0, 0.51, 144, 0, 0.24567%, 161, 65535
1646533704, 0, 0, 56, 0, 0, 0.24567%, 0, 0, 0, 0.49, 145, 0, 0.24567%, 161, 65535
1646533706, 0, 0, 56, 0, 0, 0.24567%, 0, 0, 0, 0.52, 146, 0, 0.24567%, 161, 65535
1646533708, 0, 0, 56, 0, 0, 0.24567%, 0, 0, 0, 0.52, 147, 0, 0.24567%, 161, 65535
1646533710, 0, 0, 56, 0, 0, 0.24567%, 0, 0, 0, 0.52, 148, 0, 0.24567%, 161, 65535
1646533712, 0, 0, 56, 0, 0, 0.24567%, 0, 0, 0, 0.51, 149, 0, 0.24567%, 161, 65535
1646533714, 0, 0, 56, 0, 0, 0.24567%, 0, 0, 0, 0.53, 150, 0, 0.24567%, 161, 65535
1646533716, 0, 0, 56, 0, 0, 0.24567%, 0, 0, 0, 0.52, 151, 0, 0.24567%, 161, 65535
1646533718, 0, 0, 56, 0, 0, 0.24567%, 0, 0, 0, 0.52, 152, 0, 0.24567%, 161, 65535
1646533720, 0, 0, 56, 0, 0, 0.24567%, 0, 0, 0, 0.54, 153, 0, 0.24567%, 161, 65535
1646533722, 0, 0, 56, 0, 0, 0.24567%, 0, 0, 0, 0.53, 154, 0, 0.24567%, 161, 65535
1646533724, 0, 0, 56, 0, 0, 0.24567%, 0, 0, 0, 0.52, 155, 0, 0.24567%, 161, 65535
1646533726, 0, 0, 56, 0, 0, 0.24567%, 0, 0, 0, 0.47, 156, 0, 0.24567%, 161, 65535
1646533728, 0, 0, 56, 0, 0, 0.24567%, 0, 0, 0, 0.52, 157, 0, 0.24567%, 161, 65535
1646533729, 0, 0, 56, 0, 0, 0.24567%, 0, 0, 0, 0.53, 158, 0, 0.24567%, 161, 65535
1646533731, 0, 0, 56, 0, 0, 0.24567%, 0, 0, 0, 0.52, 159, 0, 0.24567%, 161, 65535
1646533733, 0, 0, 57, 0, 0, 0.24567%, 0, 0, 0, 0.48, 160, 0, 0.24567%, 161, 65535
1646533736, 0, 0, 57, 0, 0, 0.24567%, 0, 0, 0, 0.47, 161, 0, 0.24567%, 161, 65535
1646533738, 0, 0, 57, 0, 0, 0.24567%, 0, 0, 0, 0.49, 162, 0, 0.24567%, 161, 65535
