# unix_time, cycles_done, cur_path, paths_total, pending_total, pending_favs, map_size, unique_crashes, unique_hangs, max_depth, execs_per_sec, valid_inputs, invalid_inputs, valid_cov
1645571270, 0, 0, 1, 0, 0, 0.14496%, 0, 0, 0, 0.01, 1, 0, 0.14496%, 95, 65535
1645571271, 0, 0, 2, 0, 0, 0.15412%, 0, 0, 0, 1.48, 2, 0, 0.15412%, 101, 65535
1645571272, 0, 0, 3, 0, 0, 0.15869%, 0, 0, 0, 1.75, 3, 0, 0.15869%, 104, 65535
1645571272, 0, 0, 4, 0, 0, 0.16327%, 0, 0, 0, 1.38, 4, 0, 0.16327%, 107, 65535
1645571273, 0, 0, 4, 0, 0, 0.16327%, 0, 0, 0, 2.08, 5, 0, 0.16327%, 107, 65535
1645571273, 0, 0, 5, 0, 0, 0.16327%, 0, 0, 0, 1.45, 6, 0, 0.16327%, 107, 65535
1645571274, 0, 0, 6, 0, 0, 0.16327%, 0, 0, 0, 2.28, 7, 0, 0.16327%, 107, 65535
1645571274, 0, 0, 7, 0, 0, 0.16632%, 0, 0, 0, 1.69, 8, 0, 0.16632%, 109, 65535
1645571276, 0, 0, 8, 0, 0, 0.19684%, 0, 0, 0, 0.79, 9, 0, 0.19684%, 129, 65535
1645571276, 0, 0, 9, 0, 0, 0.19684%, 0, 0, 0, 1.38, 10, 0, 0.19684%, 129, 65535
1645571277, 0, 0, 11, 0, 0, 0.20142%, 0, 0, 0, 2.72, 12, 0, 0.20142%, 132, 65535
1645571278, 0, 0, 11, 0, 0, 0.20142%, 0, 0, 0, 3.10, 13, 0, 0.20142%, 132, 65535
1645571278, 0, 0, 12, 0, 0, 0.20142%, 0, 0, 0, 2.73, 15, 0, 0.20142%, 132, 65535
1645571279, 0, 0, 13, 0, 0, 0.20142%, 0, 0, 0, 1.40, 16, 0, 0.20142%, 132, 65535
1645571280, 0, 0, 14, 0, 0, 0.20294%, 0, 0, 0, 0.73, 17, 0, 0.20294%, 133, 65535
1645571281, 0, 0, 15, 0, 0, 0.20294%, 0, 0, 0, 2.79, 18, 0, 0.20294%, 133, 65535
1645571282, 0, 0, 16, 0, 0, 0.20447%, 0, 0, 0, 1.14, 20, 0, 0.20447%, 134, 65535
1645571283, 0, 0, 16, 0, 0, 0.20447%, 0, 0, 0, 1.28, 21, 0, 0.20447%, 134, 65535
1645571285, 0, 0, 17, 0, 0, 0.20600%, 0, 0, 0, 0.70, 22, 0, 0.20600%, 135, 65535
1645571285, 0, 0, 17, 0, 0, 0.20600%, 0, 0, 0, 1.28, 23, 0, 0.20600%, 135, 65535
1645571286, 0, 0, 17, 0, 0, 0.20600%, 0, 0, 0, 2.13, 24, 0, 0.20600%, 135, 65535
1645571286, 0, 0, 18, 0, 0, 0.21057%, 0, 0, 0, 1.86, 25, 0, 0.21057%, 138, 65535
1645571287, 0, 0, 18, 0, 0, 0.21057%, 0, 0, 0, 1.51, 26, 0, 0.21057%, 138, 65535
1645571289, 0, 0, 19, 0, 0, 0.21057%, 0, 0, 0, 0.67, 27, 0, 0.21057%, 138, 65535
1645571290, 0, 0, 20, 0, 0, 0.21057%, 0, 0, 0, 1.09, 28, 0, 0.21057%, 138, 65535
1645571290, 0, 0, 20, 0, 0, 0.21057%, 0, 0, 0, 1.90, 29, 0, 0.21057%, 138, 65535
1645571291, 0, 0, 20, 0, 0, 0.21057%, 0, 0, 0, 1.95, 30, 0, 0.21057%, 138, 65535
1645571291, 0, 0, 21, 0, 0, 0.21057%, 0, 0, 0, 2.11, 31, 0, 0.21057%, 138, 65535
1645571291, 0, 0, 22, 0, 0, 0.21057%, 0, 0, 0, 2.17, 32, 0, 0.21057%, 138, 65535
1645571293, 0, 0, 22, 0, 0, 0.21057%, 0, 0, 0, 0.92, 33, 0, 0.21057%, 138, 65535
1645571294, 0, 0, 22, 0, 0, 0.21057%, 0, 0, 0, 0.91, 34, 0, 0.21057%, 138, 65535
1645571295, 0, 0, 22, 0, 0, 0.21057%, 0, 0, 0, 0.69, 35, 0, 0.21057%, 138, 65535
1645571297, 0, 0, 22, 0, 0, 0.21057%, 0, 0, 0, 0.45, 36, 0, 0.21057%, 138, 65535
1645571299, 0, 0, 22, 0, 0, 0.21057%, 0, 0, 0, 0.49, 37, 0, 0.21057%, 138, 65535
1645571301, 0, 0, 23, 0, 0, 0.21057%, 0, 0, 0, 0.73, 38, 0, 0.21057%, 138, 65535
1645571302, 0, 0, 24, 0, 0, 0.21057%, 0, 0, 0, 0.78, 39, 0, 0.21057%, 138, 65535
1645571303, 0, 0, 24, 0, 0, 0.21057%, 0, 0, 0, 0.71, 40, 0, 0.21057%, 138, 65535
1645571306, 0, 0, 25, 0, 0, 0.21210%, 0, 0, 0, 0.44, 41, 0, 0.21210%, 139, 65535
1645571307, 0, 0, 25, 0, 0, 0.21210%, 0, 0, 0, 1.04, 42, 0, 0.21210%, 139, 65535
1645571308, 0, 0, 26, 0, 0, 0.21210%, 0, 0, 0, 0.68, 43, 0, 0.21210%, 139, 65535
1645571311, 0, 0, 26, 0, 0, 0.21210%, 0, 0, 0, 0.40, 44, 0, 0.21210%, 139, 65535
1645571312, 0, 0, 26, 0, 0, 0.21210%, 0, 0, 0, 0.67, 45, 0, 0.21210%, 139, 65535
1645571314, 0, 0, 26, 0, 0, 0.21210%, 0, 0, 0, 0.60, 46, 0, 0.21210%, 139, 65535
1645571316, 0, 0, 26, 0, 0, 0.21210%, 0, 0, 0, 0.43, 47, 0, 0.21210%, 139, 65535
1645571318, 0, 0, 26, 0, 0, 0.21210%, 0, 0, 0, 0.45, 48, 0, 0.21210%, 139, 65535
1645571320, 0, 0, 26, 0, 0, 0.21210%, 0, 0, 0, 0.52, 49, 0, 0.21210%, 139, 65535
1645571322, 0, 0, 26, 0, 0, 0.21210%, 0, 0, 0, 0.57, 50, 0, 0.21210%, 139, 65535
1645571325, 0, 0, 26, 0, 0, 0.21210%, 0, 0, 0, 0.38, 51, 0, 0.21210%, 139, 65535
1645571326, 0, 0, 26, 0, 0, 0.21210%, 0, 0, 0, 0.57, 52, 0, 0.21210%, 139, 65535
1645571328, 0, 0, 26, 0, 0, 0.21210%, 0, 0, 0, 0.52, 53, 0, 0.21210%, 139, 65535
1645571330, 0, 0, 26, 0, 0, 0.21210%, 0, 0, 0, 0.64, 54, 0, 0.21210%, 139, 65535
1645571332, 0, 0, 26, 0, 0, 0.21210%, 0, 0, 0, 0.56, 55, 0, 0.21210%, 139, 65535
1645571334, 0, 0, 26, 0, 0, 0.21210%, 0, 0, 0, 0.37, 56, 0, 0.21210%, 139, 65535
1645571337, 0, 0, 26, 0, 0, 0.21210%, 0, 0, 0, 0.45, 57, 0, 0.21210%, 139, 65535
1645571338, 0, 0, 27, 0, 0, 0.21210%, 0, 0, 0, 0.59, 58, 0, 0.21210%, 139, 65535
1645571339, 0, 0, 27, 0, 0, 0.21210%, 0, 0, 0, 2.84, 59, 0, 0.21210%, 139, 65535
1645571339, 0, 0, 27, 0, 0, 0.21210%, 0, 0, 0, 2.53, 60, 0, 0.21210%, 139, 65535
1645571340, 0, 0, 27, 0, 0, 0.21210%, 0, 0, 0, 0.94, 61, 0, 0.21210%, 139, 65535
1645571341, 0, 0, 27, 0, 0, 0.21210%, 0, 0, 0, 0.95, 62, 0, 0.21210%, 139, 65535
1645571342, 0, 0, 27, 0, 0, 0.21210%, 0, 0, 0, 2.03, 63, 0, 0.21210%, 139, 65535
1645571342, 0, 0, 27, 0, 0, 0.21210%, 0, 0, 0, 1.25, 64, 0, 0.21210%, 139, 65535
1645571344, 0, 0, 28, 0, 0, 0.21210%, 0, 0, 0, 0.85, 65, 0, 0.21210%, 139, 65535
1645571344, 0, 0, 28, 0, 0, 0.21210%, 0, 0, 0, 1.85, 66, 0, 0.21210%, 139, 65535
1645571345, 0, 0, 28, 0, 0, 0.21210%, 0, 0, 0, 2.96, 67, 0, 0.21210%, 139, 65535
1645571345, 0, 0, 28, 0, 0, 0.21210%, 0, 0, 0, 2.02, 68, 0, 0.21210%, 139, 65535
1645571346, 0, 0, 28, 0, 0, 0.21210%, 0, 0, 0, 1.31, 69, 0, 0.21210%, 139, 65535
1645571347, 0, 0, 28, 0, 0, 0.21210%, 0, 0, 0, 1.36, 70, 0, 0.21210%, 139, 65535
1645571347, 0, 0, 28, 0, 0, 0.21210%, 0, 0, 0, 2.23, 71, 0, 0.21210%, 139, 65535
1645571348, 0, 0, 28, 0, 0, 0.21210%, 0, 0, 0, 1.32, 72, 0, 0.21210%, 139, 65535
1645571348, 0, 0, 28, 0, 0, 0.21210%, 0, 0, 0, 1.72, 73, 0, 0.21210%, 139, 65535
1645571349, 0, 0, 28, 0, 0, 0.21210%, 0, 0, 0, 1.19, 74, 0, 0.21210%, 139, 65535
1645571350, 0, 0, 28, 0, 0, 0.21210%, 0, 0, 0, 1.83, 75, 0, 0.21210%, 139, 65535
1645571350, 0, 0, 28, 0, 0, 0.21210%, 0, 0, 0, 1.76, 76, 0, 0.21210%, 139, 65535
1645571351, 0, 0, 28, 0, 0, 0.21210%, 0, 0, 0, 2.11, 77, 0, 0.21210%, 139, 65535
1645571351, 0, 0, 28, 0, 0, 0.21210%, 0, 0, 0, 3.30, 78, 0, 0.21210%, 139, 65535
1645571352, 0, 0, 28, 0, 0, 0.21210%, 0, 0, 0, 1.01, 79, 0, 0.21210%, 139, 65535
1645571354, 0, 0, 29, 0, 0, 0.21210%, 0, 0, 0, 0.62, 80, 0, 0.21210%, 139, 65535
1645571354, 0, 0, 29, 0, 0, 0.21210%, 0, 0, 0, 1.46, 81, 0, 0.21210%, 139, 65535
1645571355, 0, 0, 29, 0, 0, 0.21210%, 0, 0, 0, 1.53, 82, 0, 0.21210%, 139, 65535
1645571356, 0, 0, 29, 0, 0, 0.21210%, 0, 0, 0, 1.20, 83, 0, 0.21210%, 139, 65535
1645571357, 0, 0, 29, 0, 0, 0.21210%, 0, 0, 0, 2.31, 85, 0, 0.21210%, 139, 65535
1645571357, 0, 0, 29, 0, 0, 0.21210%, 0, 0, 0, 2.87, 86, 0, 0.21210%, 139, 65535
1645571358, 0, 0, 30, 0, 0, 0.21210%, 0, 0, 0, 1.78, 87, 0, 0.21210%, 139, 65535
1645571358, 0, 0, 30, 0, 0, 0.21210%, 0, 0, 0, 1.42, 88, 0, 0.21210%, 139, 65535
1645571359, 0, 0, 30, 0, 0, 0.21210%, 0, 0, 0, 1.63, 89, 0, 0.21210%, 139, 65535
1645571360, 0, 0, 30, 0, 0, 0.21210%, 0, 0, 0, 2.83, 91, 0, 0.21210%, 139, 65535
1645571360, 0, 0, 30, 0, 0, 0.21210%, 0, 0, 0, 3.04, 93, 0, 0.21210%, 139, 65535
1645571361, 0, 0, 30, 0, 0, 0.21210%, 0, 0, 0, 1.51, 94, 0, 0.21210%, 139, 65535
1645571362, 0, 0, 30, 0, 0, 0.21210%, 0, 0, 0, 1.57, 95, 0, 0.21210%, 139, 65535
1645571362, 0, 0, 30, 0, 0, 0.21210%, 0, 0, 0, 1.74, 96, 0, 0.21210%, 139, 65535
1645571363, 0, 0, 30, 0, 0, 0.21210%, 0, 0, 0, 1.56, 97, 0, 0.21210%, 139, 65535
1645571363, 0, 0, 30, 0, 0, 0.21210%, 0, 0, 0, 1.50, 98, 0, 0.21210%, 139, 65535
1645571364, 0, 0, 30, 0, 0, 0.21210%, 0, 0, 0, 1.94, 99, 0, 0.21210%, 139, 65535
1645571364, 0, 0, 30, 0, 0, 0.21210%, 0, 0, 0, 2.23, 100, 0, 0.21210%, 139, 65535
1645571365, 0, 0, 30, 0, 0, 0.21210%, 0, 0, 0, 2.95, 102, 0, 0.21210%, 139, 65535
1645571366, 0, 0, 30, 0, 0, 0.21210%, 0, 0, 0, 1.07, 103, 0, 0.21210%, 139, 65535
1645571367, 0, 0, 30, 0, 0, 0.21210%, 0, 0, 0, 1.97, 104, 0, 0.21210%, 139, 65535
1645571368, 0, 0, 31, 0, 0, 0.21210%, 0, 0, 0, 1.02, 105, 0, 0.21210%, 139, 65535
1645571368, 0, 0, 31, 0, 0, 0.21210%, 0, 0, 0, 1.43, 106, 0, 0.21210%, 139, 65535
1645571369, 0, 0, 31, 0, 0, 0.21210%, 0, 0, 0, 3.42, 108, 0, 0.21210%, 139, 65535
1645571369, 0, 0, 31, 0, 0, 0.21210%, 0, 0, 0, 3.33, 109, 0, 0.21210%, 139, 65535
1645571369, 0, 0, 31, 0, 0, 0.21210%, 0, 0, 0, 2.62, 110, 0, 0.21210%, 139, 65535
1645571370, 0, 0, 31, 0, 0, 0.21210%, 0, 0, 0, 2.13, 111, 0, 0.21210%, 139, 65535
1645571370, 0, 0, 31, 0, 0, 0.21210%, 0, 0, 0, 2.87, 112, 0, 0.21210%, 139, 65535
1645571371, 0, 0, 31, 0, 0, 0.21210%, 0, 0, 0, 4.32, 114, 0, 0.21210%, 139, 65535
1645571371, 0, 0, 31, 0, 0, 0.21210%, 0, 0, 0, 2.73, 115, 0, 0.21210%, 139, 65535
1645571372, 0, 0, 31, 0, 0, 0.21210%, 0, 0, 0, 1.55, 116, 0, 0.21210%, 139, 65535
1645571373, 0, 0, 31, 0, 0, 0.21210%, 0, 0, 0, 0.90, 117, 0, 0.21210%, 139, 65535
1645571373, 0, 0, 31, 0, 0, 0.21210%, 0, 0, 0, 2.61, 118, 0, 0.21210%, 139, 65535
1645571374, 0, 0, 31, 0, 0, 0.21210%, 0, 0, 0, 3.22, 119, 0, 0.21210%, 139, 65535
1645571374, 0, 0, 31, 0, 0, 0.21210%, 0, 0, 0, 2.43, 120, 0, 0.21210%, 139, 65535
1645571375, 0, 0, 31, 0, 0, 0.21210%, 0, 0, 0, 2.06, 122, 0, 0.21210%, 139, 65535
1645571376, 0, 0, 31, 0, 0, 0.21210%, 0, 0, 0, 1.79, 123, 0, 0.21210%, 139, 65535
1645571376, 0, 0, 31, 0, 0, 0.21210%, 0, 0, 0, 2.40, 124, 0, 0.21210%, 139, 65535
1645571377, 0, 0, 31, 0, 0, 0.21210%, 0, 0, 0, 0.95, 125, 0, 0.21210%, 139, 65535
1645571377, 0, 0, 31, 0, 0, 0.21210%, 0, 0, 0, 2.72, 126, 0, 0.21210%, 139, 65535
1645571378, 0, 0, 31, 0, 0, 0.21210%, 0, 0, 0, 2.74, 127, 0, 0.21210%, 139, 65535
1645571378, 0, 0, 31, 0, 0, 0.21210%, 0, 0, 0, 2.58, 128, 0, 0.21210%, 139, 65535
1645571379, 0, 0, 31, 0, 0, 0.21210%, 0, 0, 0, 2.49, 129, 0, 0.21210%, 139, 65535
1645571379, 0, 0, 31, 0, 0, 0.21210%, 0, 0, 0, 1.96, 130, 0, 0.21210%, 139, 65535
1645571379, 0, 0, 31, 0, 0, 0.21210%, 0, 0, 0, 3.00, 131, 0, 0.21210%, 139, 65535
1645571380, 0, 0, 31, 0, 0, 0.21210%, 0, 0, 0, 1.48, 132, 0, 0.21210%, 139, 65535
1645571380, 0, 0, 31, 0, 0, 0.21210%, 0, 0, 0, 2.41, 133, 0, 0.21210%, 139, 65535
1645571381, 0, 0, 31, 0, 0, 0.21210%, 0, 0, 0, 1.89, 134, 0, 0.21210%, 139, 65535
1645571382, 0, 0, 31, 0, 0, 0.21210%, 0, 0, 0, 3.16, 136, 0, 0.21210%, 139, 65535
1645571382, 0, 0, 31, 0, 0, 0.21210%, 0, 0, 0, 1.18, 137, 0, 0.21210%, 139, 65535
1645571384, 0, 0, 31, 0, 0, 0.21210%, 0, 0, 0, 0.68, 138, 0, 0.21210%, 139, 65535
1645571385, 0, 0, 31, 0, 0, 0.21210%, 0, 0, 0, 1.18, 139, 0, 0.21210%, 139, 65535
1645571385, 0, 0, 31, 0, 0, 0.21210%, 0, 0, 0, 1.56, 140, 0, 0.21210%, 139, 65535
1645571386, 0, 0, 31, 0, 0, 0.21210%, 0, 0, 0, 2.55, 141, 0, 0.21210%, 139, 65535
1645571386, 0, 0, 31, 0, 0, 0.21210%, 0, 0, 0, 2.10, 142, 0, 0.21210%, 139, 65535
1645571387, 0, 0, 31, 0, 0, 0.21210%, 0, 0, 0, 1.13, 143, 0, 0.21210%, 139, 65535
1645571388, 0, 0, 31, 0, 0, 0.21210%, 0, 0, 0, 1.15, 144, 0, 0.21210%, 139, 65535
1645571389, 0, 0, 32, 0, 0, 0.21210%, 0, 0, 0, 0.91, 145, 0, 0.21210%, 139, 65535
1645571390, 0, 0, 32, 0, 0, 0.21210%, 0, 0, 0, 4.03, 147, 0, 0.21210%, 139, 65535
1645571390, 0, 0, 32, 0, 0, 0.21210%, 0, 0, 0, 1.69, 148, 0, 0.21210%, 139, 65535
1645571391, 0, 0, 32, 0, 0, 0.21210%, 0, 0, 0, 1.47, 149, 0, 0.21210%, 139, 65535
1645571392, 0, 0, 32, 0, 0, 0.21210%, 0, 0, 0, 1.63, 150, 0, 0.21210%, 139, 65535
1645571392, 0, 0, 33, 0, 0, 0.21210%, 0, 0, 0, 1.36, 151, 0, 0.21210%, 139, 65535
1645571393, 0, 0, 33, 0, 0, 0.21210%, 0, 0, 0, 2.82, 153, 0, 0.21210%, 139, 65535
1645571394, 0, 0, 33, 0, 0, 0.21210%, 0, 0, 0, 1.73, 154, 0, 0.21210%, 139, 65535
1645571394, 0, 0, 33, 0, 0, 0.21210%, 0, 0, 0, 2.11, 155, 0, 0.21210%, 139, 65535
1645571395, 0, 0, 33, 0, 0, 0.21210%, 0, 0, 0, 1.45, 156, 0, 0.21210%, 139, 65535
1645571396, 0, 0, 33, 0, 0, 0.21210%, 0, 0, 0, 0.67, 157, 0, 0.21210%, 139, 65535
1645571397, 0, 0, 33, 0, 0, 0.21210%, 0, 0, 0, 1.40, 158, 0, 0.21210%, 139, 65535
1645571398, 0, 0, 33, 0, 0, 0.21210%, 0, 0, 0, 1.36, 159, 0, 0.21210%, 139, 65535
1645571399, 0, 0, 33, 0, 0, 0.21210%, 0, 0, 0, 0.87, 160, 0, 0.21210%, 139, 65535
1645571399, 0, 0, 33, 0, 0, 0.21210%, 0, 0, 0, 2.31, 161, 0, 0.21210%, 139, 65535
1645571400, 0, 0, 34, 0, 0, 0.21210%, 0, 0, 0, 1.13, 162, 0, 0.21210%, 139, 65535
1645571401, 0, 0, 34, 0, 0, 0.21210%, 0, 0, 0, 2.18, 163, 0, 0.21210%, 139, 65535
1645571401, 0, 0, 34, 0, 0, 0.21210%, 0, 0, 0, 1.22, 164, 0, 0.21210%, 139, 65535
1645571402, 0, 0, 34, 0, 0, 0.21210%, 0, 0, 0, 2.30, 165, 0, 0.21210%, 139, 65535
1645571402, 0, 0, 34, 0, 0, 0.21210%, 0, 0, 0, 2.19, 166, 0, 0.21210%, 139, 65535
1645571403, 0, 0, 34, 0, 0, 0.21210%, 0, 0, 0, 1.90, 167, 0, 0.21210%, 139, 65535
1645571403, 0, 0, 34, 0, 0, 0.21210%, 0, 0, 0, 1.65, 168, 0, 0.21210%, 139, 65535
1645571404, 0, 0, 34, 0, 0, 0.21210%, 0, 0, 0, 1.53, 169, 0, 0.21210%, 139, 65535
1645571405, 0, 0, 34, 0, 0, 0.21210%, 0, 0, 0, 1.63, 170, 0, 0.21210%, 139, 65535
1645571405, 0, 0, 35, 0, 0, 0.21363%, 0, 0, 0, 2.21, 171, 0, 0.21363%, 140, 65535
1645571406, 0, 0, 35, 0, 0, 0.21363%, 0, 0, 0, 2.40, 172, 0, 0.21363%, 140, 65535
1645571406, 0, 0, 35, 0, 0, 0.21363%, 0, 0, 0, 1.59, 173, 0, 0.21363%, 140, 65535
1645571407, 0, 0, 36, 0, 0, 0.21363%, 0, 0, 0, 1.25, 174, 0, 0.21363%, 140, 65535
1645571407, 0, 0, 36, 0, 0, 0.21363%, 0, 0, 0, 2.02, 175, 0, 0.21363%, 140, 65535
1645571408, 0, 0, 36, 0, 0, 0.21363%, 0, 0, 0, 1.61, 176, 0, 0.21363%, 140, 65535
1645571409, 0, 0, 36, 0, 0, 0.21363%, 0, 0, 0, 1.26, 177, 0, 0.21363%, 140, 65535
1645571409, 0, 0, 36, 0, 0, 0.21363%, 0, 0, 0, 1.76, 178, 0, 0.21363%, 140, 65535
1645571410, 0, 0, 36, 0, 0, 0.21363%, 0, 0, 0, 1.69, 179, 0, 0.21363%, 140, 65535
1645571411, 0, 0, 36, 0, 0, 0.21363%, 0, 0, 0, 1.61, 181, 0, 0.21363%, 140, 65535
1645571413, 0, 0, 36, 0, 0, 0.21363%, 0, 0, 0, 1.31, 183, 0, 0.21363%, 140, 65535
1645571414, 0, 0, 36, 0, 0, 0.21363%, 0, 0, 0, 1.25, 184, 0, 0.21363%, 140, 65535
1645571415, 0, 0, 36, 0, 0, 0.21363%, 0, 0, 0, 0.97, 185, 0, 0.21363%, 140, 65535
1645571415, 0, 0, 36, 0, 0, 0.21363%, 0, 0, 0, 1.36, 186, 0, 0.21363%, 140, 65535
1645571416, 0, 0, 36, 0, 0, 0.21363%, 0, 0, 0, 1.29, 187, 0, 0.21363%, 140, 65535
1645571417, 0, 0, 36, 0, 0, 0.21363%, 0, 0, 0, 1.42, 188, 0, 0.21363%, 140, 65535
1645571417, 0, 0, 36, 0, 0, 0.21363%, 0, 0, 0, 2.41, 189, 0, 0.21363%, 140, 65535
1645571418, 0, 0, 36, 0, 0, 0.21363%, 0, 0, 0, 1.50, 190, 0, 0.21363%, 140, 65535
1645571418, 0, 0, 36, 0, 0, 0.21363%, 0, 0, 0, 2.45, 191, 0, 0.21363%, 140, 65535
1645571419, 0, 0, 36, 0, 0, 0.21363%, 0, 0, 0, 1.92, 192, 0, 0.21363%, 140, 65535
1645571419, 0, 0, 36, 0, 0, 0.21363%, 0, 0, 0, 1.82, 193, 0, 0.21363%, 140, 65535
1645571420, 0, 0, 36, 0, 0, 0.21363%, 0, 0, 0, 1.72, 194, 0, 0.21363%, 140, 65535
1645571421, 0, 0, 36, 0, 0, 0.21363%, 0, 0, 0, 0.89, 195, 0, 0.21363%, 140, 65535
1645571422, 0, 0, 36, 0, 0, 0.21363%, 0, 0, 0, 3.09, 197, 0, 0.21363%, 140, 65535
1645571423, 0, 0, 36, 0, 0, 0.21363%, 0, 0, 0, 2.78, 199, 0, 0.21363%, 140, 65535
1645571423, 0, 0, 36, 0, 0, 0.21363%, 0, 0, 0, 2.06, 200, 0, 0.21363%, 140, 65535
