# unix_time, cycles_done, cur_path, paths_total, pending_total, pending_favs, map_size, unique_crashes, unique_hangs, max_depth, execs_per_sec, valid_inputs, invalid_inputs, valid_cov
1645571464, 0, 0, 1, 0, 0, 0.12055%, 0, 0, 0, 0.12, 1, 0, 0.12055%, 79, 65535
1645571465, 0, 0, 2, 0, 0, 0.13581%, 0, 0, 0, 0.86, 2, 0, 0.13581%, 89, 65535
1645571466, 0, 0, 3, 0, 0, 0.13886%, 0, 0, 0, 1.50, 3, 0, 0.13886%, 91, 65535
1645571467, 0, 0, 5, 0, 0, 0.17243%, 0, 0, 0, 1.63, 5, 0, 0.17243%, 113, 65535
1645571469, 0, 0, 6, 0, 0, 0.20752%, 0, 0, 0, 0.69, 6, 0, 0.20752%, 136, 65535
1645571470, 0, 0, 7, 0, 0, 0.20905%, 0, 0, 0, 1.08, 7, 0, 0.20905%, 137, 65535
1645571470, 0, 0, 8, 0, 0, 0.20905%, 0, 0, 0, 1.97, 8, 0, 0.20905%, 137, 65535
1645571471, 0, 0, 10, 0, 0, 0.20905%, 0, 0, 0, 2.07, 10, 0, 0.20905%, 137, 65535
1645571472, 0, 0, 11, 0, 0, 0.20905%, 0, 0, 0, 2.51, 11, 0, 0.20905%, 137, 65535
1645571472, 0, 0, 12, 0, 0, 0.20905%, 0, 0, 0, 1.61, 12, 0, 0.20905%, 137, 65535
1645571473, 0, 0, 13, 0, 0, 0.21057%, 0, 0, 0, 2.39, 13, 0, 0.21057%, 138, 65535
1645571474, 0, 0, 14, 0, 0, 0.21057%, 0, 0, 0, 1.06, 14, 0, 0.21057%, 138, 65535
1645571474, 0, 0, 15, 0, 0, 0.21057%, 0, 0, 0, 2.49, 15, 0, 0.21057%, 138, 65535
1645571475, 0, 0, 16, 0, 0, 0.21057%, 0, 0, 0, 1.06, 16, 0, 0.21057%, 138, 65535
1645571475, 0, 0, 16, 0, 0, 0.21057%, 0, 0, 0, 1.98, 17, 0, 0.21057%, 138, 65535
1645571476, 0, 0, 16, 0, 0, 0.21057%, 0, 0, 0, 2.91, 18, 0, 0.21057%, 138, 65535
1645571476, 0, 0, 17, 0, 0, 0.21210%, 0, 0, 0, 1.36, 19, 0, 0.21210%, 139, 65535
1645571477, 0, 0, 18, 0, 0, 0.21210%, 0, 0, 0, 1.14, 20, 0, 0.21210%, 139, 65535
1645571478, 0, 0, 19, 0, 0, 0.21210%, 0, 0, 0, 1.73, 21, 0, 0.21210%, 139, 65535
1645571478, 0, 0, 19, 0, 0, 0.21210%, 0, 0, 0, 1.87, 22, 0, 0.21210%, 139, 65535
1645571479, 0, 0, 19, 0, 0, 0.21210%, 0, 0, 0, 1.22, 23, 0, 0.21210%, 139, 65535
1645571480, 0, 0, 19, 0, 0, 0.21210%, 0, 0, 0, 1.30, 24, 0, 0.21210%, 139, 65535
1645571481, 0, 0, 20, 0, 0, 0.21210%, 0, 0, 0, 2.14, 25, 0, 0.21210%, 139, 65535
1645571481, 0, 0, 20, 0, 0, 0.21210%, 0, 0, 0, 1.39, 26, 0, 0.21210%, 139, 65535
1645571482, 0, 0, 20, 0, 0, 0.21210%, 0, 0, 0, 1.82, 27, 0, 0.21210%, 139, 65535
1645571482, 0, 0, 20, 0, 0, 0.21210%, 0, 0, 0, 2.39, 28, 0, 0.21210%, 139, 65535
1645571483, 0, 0, 21, 0, 0, 0.21210%, 0, 0, 0, 2.54, 29, 0, 0.21210%, 139, 65535
1645571483, 0, 0, 21, 0, 0, 0.21210%, 0, 0, 0, 1.32, 30, 0, 0.21210%, 139, 65535
1645571484, 0, 0, 22, 0, 0, 0.21210%, 0, 0, 0, 1.11, 31, 0, 0.21210%, 139, 65535
1645571485, 0, 0, 23, 0, 0, 0.21210%, 0, 0, 0, 2.19, 32, 0, 0.21210%, 139, 65535
1645571485, 0, 0, 23, 0, 0, 0.21210%, 0, 0, 0, 2.02, 33, 0, 0.21210%, 139, 65535
1645571486, 0, 0, 23, 0, 0, 0.21210%, 0, 0, 0, 3.26, 34, 0, 0.21210%, 139, 65535
1645571486, 0, 0, 23, 0, 0, 0.21210%, 0, 0, 0, 2.16, 35, 0, 0.21210%, 139, 65535
1645571487, 0, 0, 24, 0, 0, 0.21210%, 0, 0, 0, 2.13, 37, 0, 0.21210%, 139, 65535
1645571487, 0, 0, 24, 0, 0, 0.21210%, 0, 0, 0, 1.94, 38, 0, 0.21210%, 139, 65535
1645571488, 0, 0, 25, 0, 0, 0.21210%, 0, 0, 0, 2.95, 39, 0, 0.21210%, 139, 65535
1645571488, 0, 0, 25, 0, 0, 0.21210%, 0, 0, 0, 2.23, 40, 0, 0.21210%, 139, 65535
1645571489, 0, 0, 26, 0, 0, 0.21210%, 0, 0, 0, 2.11, 41, 0, 0.21210%, 139, 65535
1645571490, 0, 0, 26, 0, 0, 0.21210%, 0, 0, 0, 1.25, 42, 0, 0.21210%, 139, 65535
1645571490, 0, 0, 26, 0, 0, 0.21210%, 0, 0, 0, 2.58, 43, 0, 0.21210%, 139, 65535
1645571491, 0, 0, 26, 0, 0, 0.21210%, 0, 0, 0, 0.93, 44, 0, 0.21210%, 139, 65535
1645571492, 0, 0, 26, 0, 0, 0.21210%, 0, 0, 0, 1.10, 45, 0, 0.21210%, 139, 65535
1645571493, 0, 0, 27, 0, 0, 0.21210%, 0, 0, 0, 1.39, 46, 0, 0.21210%, 139, 65535
1645571493, 0, 0, 27, 0, 0, 0.21210%, 0, 0, 0, 1.22, 47, 0, 0.21210%, 139, 65535
1645571494, 0, 0, 28, 0, 0, 0.21210%, 0, 0, 0, 3.08, 48, 0, 0.21210%, 139, 65535
1645571494, 0, 0, 29, 0, 0, 0.21210%, 0, 0, 0, 2.49, 49, 0, 0.21210%, 139, 65535
1645571495, 0, 0, 30, 0, 0, 0.21210%, 0, 0, 0, 1.84, 50, 0, 0.21210%, 139, 65535
1645571495, 0, 0, 30, 0, 0, 0.21210%, 0, 0, 0, 1.58, 51, 0, 0.21210%, 139, 65535
1645571496, 0, 0, 30, 0, 0, 0.21210%, 0, 0, 0, 2.41, 52, 0, 0.21210%, 139, 65535
1645571497, 0, 0, 31, 0, 0, 0.21210%, 0, 0, 0, 1.24, 53, 0, 0.21210%, 139, 65535
1645571498, 0, 0, 31, 0, 0, 0.21210%, 0, 0, 0, 1.00, 54, 0, 0.21210%, 139, 65535
1645571498, 0, 0, 31, 0, 0, 0.21210%, 0, 0, 0, 1.58, 55, 0, 0.21210%, 139, 65535
1645571499, 0, 0, 31, 0, 0, 0.21210%, 0, 0, 0, 2.33, 56, 0, 0.21210%, 139, 65535
1645571499, 0, 0, 31, 0, 0, 0.21210%, 0, 0, 0, 4.58, 58, 0, 0.21210%, 139, 65535
1645571500, 0, 0, 32, 0, 0, 0.21210%, 0, 0, 0, 3.10, 60, 0, 0.21210%, 139, 65535
1645571500, 0, 0, 32, 0, 0, 0.21210%, 0, 0, 0, 2.32, 61, 0, 0.21210%, 139, 65535
1645571501, 0, 0, 32, 0, 0, 0.21210%, 0, 0, 0, 1.50, 62, 0, 0.21210%, 139, 65535
1645571501, 0, 0, 32, 0, 0, 0.21210%, 0, 0, 0, 1.72, 63, 0, 0.21210%, 139, 65535
1645571502, 0, 0, 32, 0, 0, 0.21210%, 0, 0, 0, 3.13, 64, 0, 0.21210%, 139, 65535
1645571502, 0, 0, 32, 0, 0, 0.21210%, 0, 0, 0, 1.71, 65, 0, 0.21210%, 139, 65535
1645571503, 0, 0, 32, 0, 0, 0.21210%, 0, 0, 0, 3.14, 66, 0, 0.21210%, 139, 65535
1645571503, 0, 0, 32, 0, 0, 0.21210%, 0, 0, 0, 1.34, 67, 0, 0.21210%, 139, 65535
1645571504, 0, 0, 32, 0, 0, 0.21210%, 0, 0, 0, 1.78, 68, 0, 0.21210%, 139, 65535
1645571505, 0, 0, 32, 0, 0, 0.21210%, 0, 0, 0, 0.87, 69, 0, 0.21210%, 139, 65535
1645571505, 0, 0, 32, 0, 0, 0.21210%, 0, 0, 0, 2.87, 70, 0, 0.21210%, 139, 65535
1645571506, 0, 0, 32, 0, 0, 0.21210%, 0, 0, 0, 2.95, 71, 0, 0.21210%, 139, 65535
1645571506, 0, 0, 32, 0, 0, 0.21210%, 0, 0, 0, 2.46, 72, 0, 0.21210%, 139, 65535
1645571507, 0, 0, 32, 0, 0, 0.21210%, 0, 0, 0, 2.66, 73, 0, 0.21210%, 139, 65535
1645571507, 0, 0, 32, 0, 0, 0.21210%, 0, 0, 0, 5.05, 75, 0, 0.21210%, 139, 65535
1645571508, 0, 0, 32, 0, 0, 0.21210%, 0, 0, 0, 2.87, 77, 0, 0.21210%, 139, 65535
1645571508, 0, 0, 32, 0, 0, 0.21210%, 0, 0, 0, 1.54, 78, 0, 0.21210%, 139, 65535
1645571509, 0, 0, 32, 0, 0, 0.21210%, 0, 0, 0, 1.11, 79, 0, 0.21210%, 139, 65535
1645571510, 0, 0, 32, 0, 0, 0.21210%, 0, 0, 0, 2.43, 80, 0, 0.21210%, 139, 65535
1645571510, 0, 0, 32, 0, 0, 0.21210%, 0, 0, 0, 2.66, 81, 0, 0.21210%, 139, 65535
1645571511, 0, 0, 32, 0, 0, 0.21210%, 0, 0, 0, 1.45, 82, 0, 0.21210%, 139, 65535
1645571512, 0, 0, 32, 0, 0, 0.21210%, 0, 0, 0, 1.98, 84, 0, 0.21210%, 139, 65535
1645571512, 0, 0, 32, 0, 0, 0.21210%, 0, 0, 0, 1.67, 85, 0, 0.21210%, 139, 65535
1645571513, 0, 0, 32, 0, 0, 0.21210%, 0, 0, 0, 1.66, 86, 0, 0.21210%, 139, 65535
1645571513, 0, 0, 32, 0, 0, 0.21210%, 0, 0, 0, 1.73, 87, 0, 0.21210%, 139, 65535
1645571514, 0, 0, 32, 0, 0, 0.21210%, 0, 0, 0, 1.46, 88, 0, 0.21210%, 139, 65535
1645571515, 0, 0, 32, 0, 0, 0.21210%, 0, 0, 0, 1.25, 89, 0, 0.21210%, 139, 65535
1645571516, 0, 0, 32, 0, 0, 0.21210%, 0, 0, 0, 1.45, 90, 0, 0.21210%, 139, 65535
1645571516, 0, 0, 32, 0, 0, 0.21210%, 0, 0, 0, 2.91, 91, 0, 0.21210%, 139, 65535
1645571516, 0, 0, 32, 0, 0, 0.21210%, 0, 0, 0, 2.63, 92, 0, 0.21210%, 139, 65535
1645571517, 0, 0, 32, 0, 0, 0.21210%, 0, 0, 0, 2.28, 93, 0, 0.21210%, 139, 65535
1645571517, 0, 0, 32, 0, 0, 0.21210%, 0, 0, 0, 1.52, 94, 0, 0.21210%, 139, 65535
1645571518, 0, 0, 32, 0, 0, 0.21210%, 0, 0, 0, 1.66, 95, 0, 0.21210%, 139, 65535
1645571518, 0, 0, 32, 0, 0, 0.21210%, 0, 0, 0, 2.97, 96, 0, 0.21210%, 139, 65535
1645571519, 0, 0, 33, 0, 0, 0.21210%, 0, 0, 0, 2.09, 97, 0, 0.21210%, 139, 65535
1645571519, 0, 0, 33, 0, 0, 0.21210%, 0, 0, 0, 2.11, 98, 0, 0.21210%, 139, 65535
1645571520, 0, 0, 34, 0, 0, 0.21210%, 0, 0, 0, 2.58, 99, 0, 0.21210%, 139, 65535
1645571520, 0, 0, 34, 0, 0, 0.21210%, 0, 0, 0, 1.86, 100, 0, 0.21210%, 139, 65535
1645571521, 0, 0, 35, 0, 0, 0.21210%, 0, 0, 0, 1.42, 101, 0, 0.21210%, 139, 65535
1645571522, 0, 0, 35, 0, 0, 0.21210%, 0, 0, 0, 2.72, 103, 0, 0.21210%, 139, 65535
1645571522, 0, 0, 35, 0, 0, 0.21210%, 0, 0, 0, 1.98, 104, 0, 0.21210%, 139, 65535
1645571523, 0, 0, 35, 0, 0, 0.21210%, 0, 0, 0, 1.14, 105, 0, 0.21210%, 139, 65535
1645571524, 0, 0, 35, 0, 0, 0.21210%, 0, 0, 0, 4.46, 107, 0, 0.21210%, 139, 65535
1645571524, 0, 0, 35, 0, 0, 0.21210%, 0, 0, 0, 2.14, 108, 0, 0.21210%, 139, 65535
1645571524, 0, 0, 35, 0, 0, 0.21210%, 0, 0, 0, 2.76, 109, 0, 0.21210%, 139, 65535
1645571525, 0, 0, 35, 0, 0, 0.21210%, 0, 0, 0, 1.32, 110, 0, 0.21210%, 139, 65535
1645571526, 0, 0, 36, 0, 0, 0.21363%, 0, 0, 0, 2.62, 112, 0, 0.21363%, 140, 65535
1645571526, 0, 0, 36, 0, 0, 0.21363%, 0, 0, 0, 2.44, 113, 0, 0.21363%, 140, 65535
1645571527, 0, 0, 37, 0, 0, 0.21363%, 0, 0, 0, 1.00, 114, 0, 0.21363%, 140, 65535
1645571528, 0, 0, 37, 0, 0, 0.21363%, 0, 0, 0, 3.18, 115, 0, 0.21363%, 140, 65535
1645571528, 0, 0, 37, 0, 0, 0.21363%, 0, 0, 0, 3.79, 117, 0, 0.21363%, 140, 65535
1645571529, 0, 0, 37, 0, 0, 0.21363%, 0, 0, 0, 0.85, 118, 0, 0.21363%, 140, 65535
1645571530, 0, 0, 37, 0, 0, 0.21363%, 0, 0, 0, 2.06, 119, 0, 0.21363%, 140, 65535
1645571531, 0, 0, 37, 0, 0, 0.21363%, 0, 0, 0, 1.08, 120, 0, 0.21363%, 140, 65535
1645571531, 0, 0, 37, 0, 0, 0.21363%, 0, 0, 0, 1.45, 121, 0, 0.21363%, 140, 65535
1645571532, 0, 0, 37, 0, 0, 0.21363%, 0, 0, 0, 2.77, 122, 0, 0.21363%, 140, 65535
1645571533, 0, 0, 37, 0, 0, 0.21363%, 0, 0, 0, 1.11, 123, 0, 0.21363%, 140, 65535
1645571534, 0, 0, 37, 0, 0, 0.21363%, 0, 0, 0, 1.16, 124, 0, 0.21363%, 140, 65535
1645571534, 0, 0, 37, 0, 0, 0.21363%, 0, 0, 0, 1.42, 125, 0, 0.21363%, 140, 65535
1645571535, 0, 0, 38, 0, 0, 0.21363%, 0, 0, 0, 1.65, 126, 0, 0.21363%, 140, 65535
1645571536, 0, 0, 38, 0, 0, 0.21363%, 0, 0, 0, 1.26, 127, 0, 0.21363%, 140, 65535
1645571537, 0, 0, 38, 0, 0, 0.21363%, 0, 0, 0, 1.08, 128, 0, 0.21363%, 140, 65535
1645571537, 0, 0, 38, 0, 0, 0.21363%, 0, 0, 0, 1.86, 129, 0, 0.21363%, 140, 65535
1645571538, 0, 0, 38, 0, 0, 0.21363%, 0, 0, 0, 1.68, 130, 0, 0.21363%, 140, 65535
1645571538, 0, 0, 38, 0, 0, 0.21363%, 0, 0, 0, 1.46, 131, 0, 0.21363%, 140, 65535
1645571539, 0, 0, 38, 0, 0, 0.21363%, 0, 0, 0, 1.79, 133, 0, 0.21363%, 140, 65535
1645571540, 0, 0, 38, 0, 0, 0.21363%, 0, 0, 0, 1.93, 134, 0, 0.21363%, 140, 65535
1645571541, 0, 0, 38, 0, 0, 0.21363%, 0, 0, 0, 1.11, 135, 0, 0.21363%, 140, 65535
1645571541, 0, 0, 38, 0, 0, 0.21363%, 0, 0, 0, 2.79, 136, 0, 0.21363%, 140, 65535
1645571543, 0, 0, 39, 0, 0, 0.21363%, 0, 0, 0, 1.57, 138, 0, 0.21363%, 140, 65535
1645571543, 0, 0, 39, 0, 0, 0.21363%, 0, 0, 0, 2.00, 139, 0, 0.21363%, 140, 65535
1645571544, 0, 0, 39, 0, 0, 0.21363%, 0, 0, 0, 1.50, 140, 0, 0.21363%, 140, 65535
1645571544, 0, 0, 39, 0, 0, 0.21363%, 0, 0, 0, 3.10, 142, 0, 0.21363%, 140, 65535
1645571545, 0, 0, 39, 0, 0, 0.21363%, 0, 0, 0, 2.05, 143, 0, 0.21363%, 140, 65535
1645571545, 0, 0, 39, 0, 0, 0.21363%, 0, 0, 0, 3.06, 144, 0, 0.21363%, 140, 65535
1645571546, 0, 0, 39, 0, 0, 0.21363%, 0, 0, 0, 0.95, 145, 0, 0.21363%, 140, 65535
1645571547, 0, 0, 39, 0, 0, 0.21363%, 0, 0, 0, 1.92, 146, 0, 0.21363%, 140, 65535
1645571548, 0, 0, 39, 0, 0, 0.21363%, 0, 0, 0, 1.27, 147, 0, 0.21363%, 140, 65535
1645571548, 0, 0, 39, 0, 0, 0.21363%, 0, 0, 0, 1.39, 148, 0, 0.21363%, 140, 65535
1645571549, 0, 0, 39, 0, 0, 0.21363%, 0, 0, 0, 1.88, 149, 0, 0.21363%, 140, 65535
1645571550, 0, 0, 39, 0, 0, 0.21363%, 0, 0, 0, 2.38, 151, 0, 0.21363%, 140, 65535
1645571550, 0, 0, 39, 0, 0, 0.21363%, 0, 0, 0, 1.59, 152, 0, 0.21363%, 140, 65535
1645571551, 0, 0, 39, 0, 0, 0.21363%, 0, 0, 0, 1.20, 153, 0, 0.21363%, 140, 65535
1645571552, 0, 0, 39, 0, 0, 0.21363%, 0, 0, 0, 1.95, 154, 0, 0.21363%, 140, 65535
1645571553, 0, 0, 39, 0, 0, 0.21363%, 0, 0, 0, 1.56, 156, 0, 0.21363%, 140, 65535
1645571553, 0, 0, 39, 0, 0, 0.21363%, 0, 0, 0, 4.26, 158, 0, 0.21363%, 140, 65535
1645571554, 0, 0, 39, 0, 0, 0.21363%, 0, 0, 0, 3.23, 159, 0, 0.21363%, 140, 65535
1645571554, 0, 0, 39, 0, 0, 0.21363%, 0, 0, 0, 2.75, 160, 0, 0.21363%, 140, 65535
1645571555, 0, 0, 39, 0, 0, 0.21363%, 0, 0, 0, 1.33, 161, 0, 0.21363%, 140, 65535
1645571555, 0, 0, 39, 0, 0, 0.21363%, 0, 0, 0, 3.18, 162, 0, 0.21363%, 140, 65535
1645571556, 0, 0, 40, 0, 0, 0.21363%, 0, 0, 0, 0.81, 163, 0, 0.21363%, 140, 65535
1645571557, 0, 0, 40, 0, 0, 0.21363%, 0, 0, 0, 1.95, 164, 0, 0.21363%, 140, 65535
1645571557, 0, 0, 40, 0, 0, 0.21363%, 0, 0, 0, 2.07, 165, 0, 0.21363%, 140, 65535
1645571558, 0, 0, 40, 0, 0, 0.21363%, 0, 0, 0, 2.33, 166, 0, 0.21363%, 140, 65535
1645571558, 0, 0, 40, 0, 0, 0.21363%, 0, 0, 0, 2.72, 167, 0, 0.21363%, 140, 65535
1645571559, 0, 0, 40, 0, 0, 0.21363%, 0, 0, 0, 1.76, 168, 0, 0.21363%, 140, 65535
1645571559, 0, 0, 40, 0, 0, 0.21363%, 0, 0, 0, 3.11, 169, 0, 0.21363%, 140, 65535
1645571560, 0, 0, 40, 0, 0, 0.21363%, 0, 0, 0, 1.12, 170, 0, 0.21363%, 140, 65535
1645571560, 0, 0, 40, 0, 0, 0.21363%, 0, 0, 0, 2.44, 171, 0, 0.21363%, 140, 65535
1645571561, 0, 0, 40, 0, 0, 0.21363%, 0, 0, 0, 1.86, 172, 0, 0.21363%, 140, 65535
1645571562, 0, 0, 40, 0, 0, 0.21363%, 0, 0, 0, 2.04, 174, 0, 0.21363%, 140, 65535
1645571562, 0, 0, 40, 0, 0, 0.21363%, 0, 0, 0, 3.75, 176, 0, 0.21363%, 140, 65535
1645571563, 0, 0, 40, 0, 0, 0.21363%, 0, 0, 0, 2.12, 178, 0, 0.21363%, 140, 65535
1645571564, 0, 0, 40, 0, 0, 0.21363%, 0, 0, 0, 2.17, 179, 0, 0.21363%, 140, 65535
1645571565, 0, 0, 40, 0, 0, 0.21363%, 0, 0, 0, 0.94, 180, 0, 0.21363%, 140, 65535
1645571565, 0, 0, 40, 0, 0, 0.21363%, 0, 0, 0, 3.13, 181, 0, 0.21363%, 140, 65535
1645571566, 0, 0, 40, 0, 0, 0.21363%, 0, 0, 0, 1.14, 182, 0, 0.21363%, 140, 65535
1645571566, 0, 0, 40, 0, 0, 0.21363%, 0, 0, 0, 2.83, 183, 0, 0.21363%, 140, 65535
1645571567, 0, 0, 40, 0, 0, 0.21363%, 0, 0, 0, 2.07, 184, 0, 0.21363%, 140, 65535
1645571567, 0, 0, 40, 0, 0, 0.21363%, 0, 0, 0, 2.14, 185, 0, 0.21363%, 140, 65535
1645571568, 0, 0, 40, 0, 0, 0.21363%, 0, 0, 0, 0.90, 186, 0, 0.21363%, 140, 65535
1645571570, 0, 0, 40, 0, 0, 0.21363%, 0, 0, 0, 0.86, 187, 0, 0.21363%, 140, 65535
1645571570, 0, 0, 40, 0, 0, 0.21363%, 0, 0, 0, 1.31, 188, 0, 0.21363%, 140, 65535
1645571571, 0, 0, 40, 0, 0, 0.21363%, 0, 0, 0, 1.89, 189, 0, 0.21363%, 140, 65535
1645571572, 0, 0, 40, 0, 0, 0.21363%, 0, 0, 0, 1.47, 190, 0, 0.21363%, 140, 65535
1645571572, 0, 0, 40, 0, 0, 0.21363%, 0, 0, 0, 1.57, 191, 0, 0.21363%, 140, 65535
1645571573, 0, 0, 40, 0, 0, 0.21363%, 0, 0, 0, 1.01, 192, 0, 0.21363%, 140, 65535
1645571574, 0, 0, 40, 0, 0, 0.21363%, 0, 0, 0, 1.92, 193, 0, 0.21363%, 140, 65535
1645571574, 0, 0, 40, 0, 0, 0.21363%, 0, 0, 0, 1.76, 194, 0, 0.21363%, 140, 65535
1645571575, 0, 0, 40, 0, 0, 0.21363%, 0, 0, 0, 1.42, 195, 0, 0.21363%, 140, 65535
1645571576, 0, 0, 40, 0, 0, 0.21363%, 0, 0, 0, 1.55, 196, 0, 0.21363%, 140, 65535
1645571576, 0, 0, 40, 0, 0, 0.21363%, 0, 0, 0, 2.64, 197, 0, 0.21363%, 140, 65535
1645571577, 0, 0, 40, 0, 0, 0.21363%, 0, 0, 0, 1.40, 198, 0, 0.21363%, 140, 65535
1645571577, 0, 0, 40, 0, 0, 0.21363%, 0, 0, 0, 1.85, 199, 0, 0.21363%, 140, 65535
1645571578, 0, 0, 40, 0, 0, 0.21363%, 0, 0, 0, 3.25, 200, 0, 0.21363%, 140, 65535
