# unix_time, cycles_done, cur_path, paths_total, pending_total, pending_favs, map_size, unique_crashes, unique_hangs, max_depth, execs_per_sec, valid_inputs, invalid_inputs, valid_cov
1645408075, 0, 0, 1, 0, 0, 0.11902%, 0, 0, 0, 0.13, 1, 0, 0.11902%, 78, 65535
1645408076, 0, 0, 2, 0, 0, 0.12665%, 0, 0, 0, 1.05, 2, 0, 0.12665%, 83, 65535
1645408076, 0, 0, 3, 0, 0, 0.12665%, 0, 0, 0, 1.25, 3, 0, 0.12665%, 83, 65535
1645408078, 0, 0, 4, 0, 0, 0.14801%, 0, 0, 0, 0.82, 4, 0, 0.14801%, 97, 65535
1645408079, 0, 0, 5, 0, 0, 0.19837%, 0, 0, 0, 0.63, 5, 0, 0.19837%, 130, 65535
1645408080, 0, 0, 6, 0, 0, 0.19837%, 0, 0, 0, 2.68, 6, 0, 0.19837%, 130, 65535
1645408080, 0, 0, 7, 0, 0, 0.19837%, 0, 0, 0, 2.20, 7, 0, 0.19837%, 130, 65535
1645408081, 0, 0, 8, 0, 0, 0.20447%, 0, 0, 0, 0.72, 8, 0, 0.20447%, 134, 65535
1645408082, 0, 0, 9, 0, 0, 0.20447%, 0, 0, 0, 1.91, 9, 0, 0.20447%, 134, 65535
1645408082, 0, 0, 10, 0, 0, 0.20447%, 0, 0, 0, 1.78, 10, 0, 0.20447%, 134, 65535
1645408083, 0, 0, 11, 0, 0, 0.20600%, 0, 0, 0, 3.17, 11, 0, 0.20600%, 135, 65535
1645408083, 0, 0, 13, 0, 0, 0.20752%, 0, 0, 0, 3.04, 13, 0, 0.20752%, 136, 65535
1645408084, 0, 0, 13, 0, 0, 0.20752%, 0, 0, 0, 2.71, 14, 0, 0.20752%, 136, 65535
1645408085, 0, 0, 14, 0, 0, 0.20752%, 0, 0, 0, 1.04, 15, 0, 0.20752%, 136, 65535
1645408085, 0, 0, 14, 0, 0, 0.20752%, 0, 0, 0, 1.37, 16, 0, 0.20752%, 136, 65535
1645408086, 0, 0, 16, 0, 0, 0.20752%, 0, 0, 0, 2.95, 18, 0, 0.20752%, 136, 65535
1645408087, 0, 0, 16, 0, 0, 0.20752%, 0, 0, 0, 1.03, 19, 0, 0.20752%, 136, 65535
1645408087, 0, 0, 17, 0, 0, 0.20752%, 0, 0, 0, 3.27, 20, 0, 0.20752%, 136, 65535
1645408088, 0, 0, 18, 0, 0, 0.20752%, 0, 0, 0, 3.48, 22, 0, 0.20752%, 136, 65535
1645408090, 0, 0, 19, 0, 0, 0.20752%, 0, 0, 0, 0.67, 23, 0, 0.20752%, 136, 65535
1645408090, 0, 0, 20, 0, 0, 0.20905%, 0, 0, 0, 1.40, 24, 0, 0.20905%, 137, 65535
1645408091, 0, 0, 21, 0, 0, 0.20905%, 0, 0, 0, 2.53, 25, 0, 0.20905%, 137, 65535
1645408091, 0, 0, 21, 0, 0, 0.20905%, 0, 0, 0, 1.37, 26, 0, 0.20905%, 137, 65535
1645408092, 0, 0, 21, 0, 0, 0.20905%, 0, 0, 0, 1.86, 27, 0, 0.20905%, 137, 65535
1645408093, 0, 0, 21, 0, 0, 0.20905%, 0, 0, 0, 3.17, 29, 0, 0.20905%, 137, 65535
1645408094, 0, 0, 21, 0, 0, 0.20905%, 0, 0, 0, 2.03, 31, 0, 0.20905%, 137, 65535
1645408094, 0, 0, 22, 0, 0, 0.20905%, 0, 0, 0, 2.28, 33, 0, 0.20905%, 137, 65535
1645408095, 0, 0, 22, 0, 0, 0.20905%, 0, 0, 0, 1.06, 34, 0, 0.20905%, 137, 65535
1645408096, 0, 0, 22, 0, 0, 0.20905%, 0, 0, 0, 0.96, 35, 0, 0.20905%, 137, 65535
1645408097, 0, 0, 22, 0, 0, 0.20905%, 0, 0, 0, 1.30, 36, 0, 0.20905%, 137, 65535
1645408098, 0, 0, 22, 0, 0, 0.20905%, 0, 0, 0, 2.41, 37, 0, 0.20905%, 137, 65535
1645408098, 0, 0, 23, 0, 0, 0.20905%, 0, 0, 0, 2.83, 39, 0, 0.20905%, 137, 65535
1645408099, 0, 0, 23, 0, 0, 0.20905%, 0, 0, 0, 1.25, 40, 0, 0.20905%, 137, 65535
1645408100, 0, 0, 23, 0, 0, 0.20905%, 0, 0, 0, 1.59, 41, 0, 0.20905%, 137, 65535
1645408100, 0, 0, 23, 0, 0, 0.20905%, 0, 0, 0, 2.37, 42, 0, 0.20905%, 137, 65535
1645408100, 0, 0, 23, 0, 0, 0.20905%, 0, 0, 0, 2.60, 43, 0, 0.20905%, 137, 65535
1645408101, 0, 0, 23, 0, 0, 0.20905%, 0, 0, 0, 2.79, 44, 0, 0.20905%, 137, 65535
1645408101, 0, 0, 23, 0, 0, 0.20905%, 0, 0, 0, 2.75, 45, 0, 0.20905%, 137, 65535
1645408102, 0, 0, 23, 0, 0, 0.20905%, 0, 0, 0, 1.30, 46, 0, 0.20905%, 137, 65535
1645408103, 0, 0, 23, 0, 0, 0.20905%, 0, 0, 0, 1.54, 47, 0, 0.20905%, 137, 65535
1645408103, 0, 0, 23, 0, 0, 0.20905%, 0, 0, 0, 3.85, 49, 0, 0.20905%, 137, 65535
1645408104, 0, 0, 23, 0, 0, 0.20905%, 0, 0, 0, 2.06, 50, 0, 0.20905%, 137, 65535
1645408104, 0, 0, 23, 0, 0, 0.20905%, 0, 0, 0, 1.23, 51, 0, 0.20905%, 137, 65535
1645408105, 0, 0, 23, 0, 0, 0.20905%, 0, 0, 0, 1.80, 52, 0, 0.20905%, 137, 65535
1645408106, 0, 0, 24, 0, 0, 0.20905%, 0, 0, 0, 1.77, 53, 0, 0.20905%, 137, 65535
1645408106, 0, 0, 25, 0, 0, 0.20905%, 0, 0, 0, 1.26, 54, 0, 0.20905%, 137, 65535
1645408108, 0, 0, 26, 0, 0, 0.20905%, 0, 0, 0, 0.74, 55, 0, 0.20905%, 137, 65535
1645408108, 0, 0, 26, 0, 0, 0.20905%, 0, 0, 0, 2.01, 56, 0, 0.20905%, 137, 65535
1645408109, 0, 0, 27, 0, 0, 0.20905%, 0, 0, 0, 1.14, 57, 0, 0.20905%, 137, 65535
1645408110, 0, 0, 27, 0, 0, 0.20905%, 0, 0, 0, 1.34, 58, 0, 0.20905%, 137, 65535
1645408111, 0, 0, 27, 0, 0, 0.20905%, 0, 0, 0, 2.30, 60, 0, 0.20905%, 137, 65535
1645408111, 0, 0, 27, 0, 0, 0.20905%, 0, 0, 0, 1.57, 61, 0, 0.20905%, 137, 65535
1645408112, 0, 0, 27, 0, 0, 0.20905%, 0, 0, 0, 1.22, 62, 0, 0.20905%, 137, 65535
1645408113, 0, 0, 27, 0, 0, 0.20905%, 0, 0, 0, 1.79, 63, 0, 0.20905%, 137, 65535
1645408113, 0, 0, 27, 0, 0, 0.20905%, 0, 0, 0, 2.75, 65, 0, 0.20905%, 137, 65535
1645408115, 0, 0, 28, 0, 0, 0.20905%, 0, 0, 0, 1.77, 67, 0, 0.20905%, 137, 65535
1645408115, 0, 0, 28, 0, 0, 0.20905%, 0, 0, 0, 1.50, 68, 0, 0.20905%, 137, 65535
1645408116, 0, 0, 28, 0, 0, 0.20905%, 0, 0, 0, 1.80, 69, 0, 0.20905%, 137, 65535
1645408116, 0, 0, 28, 0, 0, 0.20905%, 0, 0, 0, 1.68, 70, 0, 0.20905%, 137, 65535
1645408117, 0, 0, 28, 0, 0, 0.20905%, 0, 0, 0, 3.26, 72, 0, 0.20905%, 137, 65535
1645408118, 0, 0, 28, 0, 0, 0.20905%, 0, 0, 0, 2.18, 74, 0, 0.20905%, 137, 65535
1645408119, 0, 0, 28, 0, 0, 0.20905%, 0, 0, 0, 1.13, 75, 0, 0.20905%, 137, 65535
1645408119, 0, 0, 28, 0, 0, 0.20905%, 0, 0, 0, 1.82, 76, 0, 0.20905%, 137, 65535
1645408120, 0, 0, 28, 0, 0, 0.20905%, 0, 0, 0, 1.50, 77, 0, 0.20905%, 137, 65535
1645408120, 0, 0, 28, 0, 0, 0.20905%, 0, 0, 0, 2.31, 78, 0, 0.20905%, 137, 65535
1645408121, 0, 0, 28, 0, 0, 0.20905%, 0, 0, 0, 4.71, 80, 0, 0.20905%, 137, 65535
1645408122, 0, 0, 29, 0, 0, 0.20905%, 0, 0, 0, 0.78, 81, 0, 0.20905%, 137, 65535
1645408123, 0, 0, 29, 0, 0, 0.20905%, 0, 0, 0, 1.82, 82, 0, 0.20905%, 137, 65535
1645408124, 0, 0, 29, 0, 0, 0.20905%, 0, 0, 0, 1.14, 83, 0, 0.20905%, 137, 65535
1645408124, 0, 0, 29, 0, 0, 0.20905%, 0, 0, 0, 1.85, 84, 0, 0.20905%, 137, 65535
1645408125, 0, 0, 29, 0, 0, 0.20905%, 0, 0, 0, 2.31, 85, 0, 0.20905%, 137, 65535
1645408125, 0, 0, 29, 0, 0, 0.20905%, 0, 0, 0, 1.54, 86, 0, 0.20905%, 137, 65535
1645408126, 0, 0, 29, 0, 0, 0.20905%, 0, 0, 0, 3.23, 88, 0, 0.20905%, 137, 65535
1645408127, 0, 0, 29, 0, 0, 0.20905%, 0, 0, 0, 1.52, 89, 0, 0.20905%, 137, 65535
1645408127, 0, 0, 30, 0, 0, 0.20905%, 0, 0, 0, 2.04, 90, 0, 0.20905%, 137, 65535
1645408128, 0, 0, 30, 0, 0, 0.20905%, 0, 0, 0, 2.65, 92, 0, 0.20905%, 137, 65535
1645408128, 0, 0, 30, 0, 0, 0.20905%, 0, 0, 0, 3.42, 94, 0, 0.20905%, 137, 65535
1645408129, 0, 0, 30, 0, 0, 0.20905%, 0, 0, 0, 1.62, 95, 0, 0.20905%, 137, 65535
1645408130, 0, 0, 30, 0, 0, 0.20905%, 0, 0, 0, 1.28, 96, 0, 0.20905%, 137, 65535
1645408130, 0, 0, 30, 0, 0, 0.20905%, 0, 0, 0, 1.62, 97, 0, 0.20905%, 137, 65535
1645408131, 0, 0, 30, 0, 0, 0.20905%, 0, 0, 0, 1.16, 98, 0, 0.20905%, 137, 65535
1645408133, 0, 0, 30, 0, 0, 0.20905%, 0, 0, 0, 1.42, 100, 0, 0.20905%, 137, 65535
1645408133, 0, 0, 30, 0, 0, 0.20905%, 0, 0, 0, 2.53, 102, 0, 0.20905%, 137, 65535
1645408134, 0, 0, 31, 0, 0, 0.21057%, 0, 0, 0, 1.39, 103, 0, 0.21057%, 138, 65535
1645408134, 0, 0, 31, 0, 0, 0.21057%, 0, 0, 0, 3.23, 104, 0, 0.21057%, 138, 65535
1645408135, 0, 0, 31, 0, 0, 0.21057%, 0, 0, 0, 3.61, 106, 0, 0.21057%, 138, 65535
1645408135, 0, 0, 31, 0, 0, 0.21057%, 0, 0, 0, 4.02, 108, 0, 0.21057%, 138, 65535
1645408136, 0, 0, 31, 0, 0, 0.21057%, 0, 0, 0, 2.82, 109, 0, 0.21057%, 138, 65535
1645408136, 0, 0, 31, 0, 0, 0.21057%, 0, 0, 0, 4.61, 111, 0, 0.21057%, 138, 65535
1645408137, 0, 0, 31, 0, 0, 0.21057%, 0, 0, 0, 3.91, 113, 0, 0.21057%, 138, 65535
1645408137, 0, 0, 31, 0, 0, 0.21057%, 0, 0, 0, 2.29, 114, 0, 0.21057%, 138, 65535
1645408138, 0, 0, 31, 0, 0, 0.21057%, 0, 0, 0, 3.96, 116, 0, 0.21057%, 138, 65535
1645408138, 0, 0, 31, 0, 0, 0.21057%, 0, 0, 0, 2.98, 117, 0, 0.21057%, 138, 65535
1645408139, 0, 0, 31, 0, 0, 0.21057%, 0, 0, 0, 3.52, 119, 0, 0.21057%, 138, 65535
1645408139, 0, 0, 31, 0, 0, 0.21057%, 0, 0, 0, 5.38, 121, 0, 0.21057%, 138, 65535
1645408139, 0, 0, 31, 0, 0, 0.21057%, 0, 0, 0, 4.81, 123, 0, 0.21057%, 138, 65535
1645408140, 0, 0, 31, 0, 0, 0.21057%, 0, 0, 0, 2.07, 124, 0, 0.21057%, 138, 65535
1645408141, 0, 0, 31, 0, 0, 0.21057%, 0, 0, 0, 0.87, 125, 0, 0.21057%, 138, 65535
1645408141, 0, 0, 31, 0, 0, 0.21057%, 0, 0, 0, 4.71, 127, 0, 0.21057%, 138, 65535
1645408142, 0, 0, 31, 0, 0, 0.21057%, 0, 0, 0, 2.34, 128, 0, 0.21057%, 138, 65535
1645408142, 0, 0, 31, 0, 0, 0.21057%, 0, 0, 0, 6.35, 130, 0, 0.21057%, 138, 65535
1645408143, 0, 0, 31, 0, 0, 0.21057%, 0, 0, 0, 3.15, 131, 0, 0.21057%, 138, 65535
1645408143, 0, 0, 31, 0, 0, 0.21057%, 0, 0, 0, 3.72, 133, 0, 0.21057%, 138, 65535
1645408143, 0, 0, 31, 0, 0, 0.21057%, 0, 0, 0, 4.73, 135, 0, 0.21057%, 138, 65535
1645408144, 0, 0, 31, 0, 0, 0.21057%, 0, 0, 0, 5.45, 137, 0, 0.21057%, 138, 65535
1645408144, 0, 0, 31, 0, 0, 0.21057%, 0, 0, 0, 3.18, 139, 0, 0.21057%, 138, 65535
1645408145, 0, 0, 31, 0, 0, 0.21057%, 0, 0, 0, 1.44, 140, 0, 0.21057%, 138, 65535
1645408146, 0, 0, 31, 0, 0, 0.21057%, 0, 0, 0, 2.60, 141, 0, 0.21057%, 138, 65535
1645408146, 0, 0, 31, 0, 0, 0.21057%, 0, 0, 0, 3.80, 143, 0, 0.21057%, 138, 65535
1645408147, 0, 0, 31, 0, 0, 0.21057%, 0, 0, 0, 1.80, 144, 0, 0.21057%, 138, 65535
1645408147, 0, 0, 31, 0, 0, 0.21057%, 0, 0, 0, 1.57, 145, 0, 0.21057%, 138, 65535
1645408148, 0, 0, 31, 0, 0, 0.21057%, 0, 0, 0, 2.23, 146, 0, 0.21057%, 138, 65535
1645408148, 0, 0, 31, 0, 0, 0.21057%, 0, 0, 0, 4.08, 148, 0, 0.21057%, 138, 65535
1645408149, 0, 0, 31, 0, 0, 0.21057%, 0, 0, 0, 2.31, 149, 0, 0.21057%, 138, 65535
1645408149, 0, 0, 31, 0, 0, 0.21057%, 0, 0, 0, 1.27, 150, 0, 0.21057%, 138, 65535
1645408150, 0, 0, 31, 0, 0, 0.21057%, 0, 0, 0, 2.24, 151, 0, 0.21057%, 138, 65535
1645408151, 0, 0, 31, 0, 0, 0.21057%, 0, 0, 0, 0.75, 152, 0, 0.21057%, 138, 65535
1645408152, 0, 0, 31, 0, 0, 0.21057%, 0, 0, 0, 1.69, 153, 0, 0.21057%, 138, 65535
1645408152, 0, 0, 31, 0, 0, 0.21057%, 0, 0, 0, 2.09, 154, 0, 0.21057%, 138, 65535
1645408154, 0, 0, 31, 0, 0, 0.21057%, 0, 0, 0, 0.73, 155, 0, 0.21057%, 138, 65535
1645408155, 0, 0, 31, 0, 0, 0.21057%, 0, 0, 0, 1.01, 156, 0, 0.21057%, 138, 65535
1645408155, 0, 0, 31, 0, 0, 0.21057%, 0, 0, 0, 1.50, 157, 0, 0.21057%, 138, 65535
1645408156, 0, 0, 31, 0, 0, 0.21057%, 0, 0, 0, 1.94, 159, 0, 0.21057%, 138, 65535
1645408157, 0, 0, 31, 0, 0, 0.21057%, 0, 0, 0, 1.88, 160, 0, 0.21057%, 138, 65535
1645408158, 0, 0, 32, 0, 0, 0.21057%, 0, 0, 0, 0.79, 161, 0, 0.21057%, 138, 65535
1645408159, 0, 0, 32, 0, 0, 0.21057%, 0, 0, 0, 1.67, 162, 0, 0.21057%, 138, 65535
1645408159, 0, 0, 32, 0, 0, 0.21057%, 0, 0, 0, 2.04, 163, 0, 0.21057%, 138, 65535
1645408160, 0, 0, 32, 0, 0, 0.21057%, 0, 0, 0, 4.32, 165, 0, 0.21057%, 138, 65535
1645408160, 0, 0, 32, 0, 0, 0.21057%, 0, 0, 0, 3.10, 166, 0, 0.21057%, 138, 65535
1645408160, 0, 0, 32, 0, 0, 0.21057%, 0, 0, 0, 2.79, 167, 0, 0.21057%, 138, 65535
1645408161, 0, 0, 32, 0, 0, 0.21057%, 0, 0, 0, 2.75, 168, 0, 0.21057%, 138, 65535
1645408161, 0, 0, 32, 0, 0, 0.21057%, 0, 0, 0, 1.97, 169, 0, 0.21057%, 138, 65535
1645408162, 0, 0, 32, 0, 0, 0.21057%, 0, 0, 0, 1.23, 170, 0, 0.21057%, 138, 65535
1645408163, 0, 0, 32, 0, 0, 0.21057%, 0, 0, 0, 2.01, 171, 0, 0.21057%, 138, 65535
1645408163, 0, 0, 32, 0, 0, 0.21057%, 0, 0, 0, 2.22, 172, 0, 0.21057%, 138, 65535
1645408164, 0, 0, 32, 0, 0, 0.21057%, 0, 0, 0, 3.32, 174, 0, 0.21057%, 138, 65535
1645408164, 0, 0, 32, 0, 0, 0.21057%, 0, 0, 0, 1.22, 175, 0, 0.21057%, 138, 65535
1645408165, 0, 0, 32, 0, 0, 0.21057%, 0, 0, 0, 1.51, 176, 0, 0.21057%, 138, 65535
1645408166, 0, 0, 33, 0, 0, 0.21057%, 0, 0, 0, 0.90, 177, 0, 0.21057%, 138, 65535
1645408167, 0, 0, 33, 0, 0, 0.21057%, 0, 0, 0, 2.19, 178, 0, 0.21057%, 138, 65535
1645408167, 0, 0, 33, 0, 0, 0.21057%, 0, 0, 0, 1.54, 179, 0, 0.21057%, 138, 65535
1645408169, 0, 0, 33, 0, 0, 0.21057%, 0, 0, 0, 1.53, 181, 0, 0.21057%, 138, 65535
1645408169, 0, 0, 33, 0, 0, 0.21057%, 0, 0, 0, 1.70, 182, 0, 0.21057%, 138, 65535
1645408170, 0, 0, 33, 0, 0, 0.21057%, 0, 0, 0, 1.56, 183, 0, 0.21057%, 138, 65535
1645408170, 0, 0, 33, 0, 0, 0.21057%, 0, 0, 0, 2.49, 184, 0, 0.21057%, 138, 65535
1645408171, 0, 0, 34, 0, 0, 0.21057%, 0, 0, 0, 1.12, 185, 0, 0.21057%, 138, 65535
1645408172, 0, 0, 34, 0, 0, 0.21057%, 0, 0, 0, 2.33, 187, 0, 0.21057%, 138, 65535
1645408172, 0, 0, 34, 0, 0, 0.21057%, 0, 0, 0, 2.24, 188, 0, 0.21057%, 138, 65535
1645408173, 0, 0, 34, 0, 0, 0.21057%, 0, 0, 0, 2.26, 189, 0, 0.21057%, 138, 65535
1645408174, 0, 0, 34, 0, 0, 0.21057%, 0, 0, 0, 0.77, 190, 0, 0.21057%, 138, 65535
1645408175, 0, 0, 34, 0, 0, 0.21057%, 0, 0, 0, 1.21, 191, 0, 0.21057%, 138, 65535
1645408175, 0, 0, 34, 0, 0, 0.21057%, 0, 0, 0, 2.82, 192, 0, 0.21057%, 138, 65535
1645408176, 0, 0, 34, 0, 0, 0.21057%, 0, 0, 0, 1.54, 193, 0, 0.21057%, 138, 65535
1645408177, 0, 0, 34, 0, 0, 0.21057%, 0, 0, 0, 1.27, 194, 0, 0.21057%, 138, 65535
1645408177, 0, 0, 34, 0, 0, 0.21057%, 0, 0, 0, 1.61, 195, 0, 0.21057%, 138, 65535
1645408178, 0, 0, 34, 0, 0, 0.21057%, 0, 0, 0, 1.46, 196, 0, 0.21057%, 138, 65535
1645408179, 0, 0, 34, 0, 0, 0.21057%, 0, 0, 0, 0.91, 197, 0, 0.21057%, 138, 65535
1645408180, 0, 0, 34, 0, 0, 0.21057%, 0, 0, 0, 1.38, 198, 0, 0.21057%, 138, 65535
1645408181, 0, 0, 34, 0, 0, 0.21057%, 0, 0, 0, 1.50, 199, 0, 0.21057%, 138, 65535
