# unix_time, cycles_done, cur_path, paths_total, pending_total, pending_favs, map_size, unique_crashes, unique_hangs, max_depth, execs_per_sec, valid_inputs, invalid_inputs, valid_cov
1645676442, 0, 0, 1, 0, 0, 0.20600%, 0, 0, 0, 0.10, 1, 0, 0.20600%, 135, 65535
1645676445, 0, 0, 2, 0, 0, 0.22736%, 0, 0, 0, 0.41, 2, 0, 0.22736%, 149, 65535
1645676447, 0, 0, 3, 0, 0, 0.22889%, 0, 0, 0, 0.48, 3, 0, 0.22889%, 150, 65535
1645676449, 0, 0, 4, 0, 0, 0.23194%, 0, 0, 0, 0.47, 4, 0, 0.23194%, 152, 65535
1645676451, 0, 0, 5, 0, 0, 0.23499%, 0, 0, 0, 0.48, 5, 0, 0.23499%, 154, 65535
1645676453, 0, 0, 6, 0, 0, 0.23957%, 0, 0, 0, 0.50, 6, 0, 0.23957%, 157, 65535
1645676455, 0, 0, 7, 0, 0, 0.23957%, 0, 0, 0, 0.49, 7, 0, 0.23957%, 157, 65535
1645676457, 0, 0, 8, 0, 0, 0.23957%, 0, 0, 0, 0.46, 8, 0, 0.23957%, 157, 65535
1645676459, 0, 0, 9, 0, 0, 0.23957%, 0, 0, 0, 0.47, 9, 0, 0.23957%, 157, 65535
1645676462, 0, 0, 10, 0, 0, 0.24262%, 0, 0, 0, 0.49, 10, 0, 0.24262%, 159, 65535
1645676464, 0, 0, 11, 0, 0, 0.24262%, 0, 0, 0, 0.50, 11, 0, 0.24262%, 159, 65535
1645676466, 0, 0, 12, 0, 0, 0.24872%, 0, 0, 0, 0.49, 12, 0, 0.24872%, 163, 65535
1645676468, 0, 0, 13, 0, 0, 0.24872%, 0, 0, 0, 0.48, 13, 0, 0.24872%, 163, 65535
1645676470, 0, 0, 14, 0, 0, 0.25177%, 0, 0, 0, 0.48, 14, 0, 0.25177%, 165, 65535
1645676472, 0, 0, 15, 0, 0, 0.25330%, 0, 0, 0, 0.47, 15, 0, 0.25330%, 166, 65535
1645676474, 0, 0, 16, 0, 0, 0.25330%, 0, 0, 0, 0.49, 16, 0, 0.25330%, 166, 65535
1645676476, 0, 0, 16, 0, 0, 0.25330%, 0, 0, 0, 0.52, 17, 0, 0.25330%, 166, 65535
1645676478, 0, 0, 16, 0, 0, 0.25330%, 0, 0, 0, 0.47, 18, 0, 0.25330%, 166, 65535
1645676480, 0, 0, 17, 0, 0, 0.25330%, 0, 0, 0, 0.49, 19, 0, 0.25330%, 166, 65535
1645676482, 0, 0, 18, 0, 0, 0.25330%, 0, 0, 0, 0.48, 20, 0, 0.25330%, 166, 65535
1645676484, 0, 0, 19, 0, 0, 0.25330%, 0, 0, 0, 0.48, 21, 0, 0.25330%, 166, 65535
1645676486, 0, 0, 20, 0, 0, 0.25330%, 0, 0, 0, 0.48, 22, 0, 0.25330%, 166, 65535
1645676488, 0, 0, 21, 0, 0, 0.25330%, 0, 0, 0, 0.44, 23, 0, 0.25330%, 166, 65535
1645676491, 0, 0, 22, 0, 0, 0.25330%, 0, 0, 0, 0.48, 24, 0, 0.25330%, 166, 65535
1645676493, 0, 0, 23, 0, 0, 0.25330%, 0, 0, 0, 0.47, 25, 0, 0.25330%, 166, 65535
1645676495, 0, 0, 24, 0, 0, 0.25483%, 0, 0, 0, 0.49, 26, 0, 0.25483%, 167, 65535
1645676497, 0, 0, 25, 0, 0, 0.25483%, 0, 0, 0, 0.48, 27, 0, 0.25483%, 167, 65535
1645676499, 0, 0, 25, 0, 0, 0.25483%, 0, 0, 0, 0.46, 28, 0, 0.25483%, 167, 65535
1645676501, 0, 0, 26, 0, 0, 0.25483%, 0, 0, 0, 0.48, 29, 0, 0.25483%, 167, 65535
1645676503, 0, 0, 27, 0, 0, 0.25483%, 0, 0, 0, 0.46, 30, 0, 0.25483%, 167, 65535
1645676505, 0, 0, 28, 0, 0, 0.25483%, 0, 0, 0, 0.48, 31, 0, 0.25483%, 167, 65535
1645676507, 0, 0, 29, 0, 0, 0.25483%, 0, 0, 0, 0.47, 32, 0, 0.25483%, 167, 65535
1645676510, 0, 0, 30, 0, 0, 0.25483%, 0, 0, 0, 0.48, 33, 0, 0.25483%, 167, 65535
1645676512, 0, 0, 30, 0, 0, 0.25483%, 0, 0, 0, 0.48, 34, 0, 0.25483%, 167, 65535
1645676514, 0, 0, 31, 0, 0, 0.25483%, 0, 0, 0, 0.45, 35, 0, 0.25483%, 167, 65535
1645676516, 0, 0, 31, 0, 0, 0.25483%, 0, 0, 0, 0.50, 36, 0, 0.25483%, 167, 65535
1645676518, 0, 0, 31, 0, 0, 0.25483%, 0, 0, 0, 0.48, 37, 0, 0.25483%, 167, 65535
1645676520, 0, 0, 32, 0, 0, 0.25483%, 0, 0, 0, 0.43, 38, 0, 0.25483%, 167, 65535
1645676522, 0, 0, 33, 0, 0, 0.25483%, 0, 0, 0, 0.47, 39, 0, 0.25483%, 167, 65535
1645676525, 0, 0, 34, 0, 0, 0.25483%, 0, 0, 0, 0.47, 40, 0, 0.25483%, 167, 65535
1645676527, 0, 0, 34, 0, 0, 0.25483%, 0, 0, 0, 0.44, 41, 0, 0.25483%, 167, 65535
1645676530, 0, 0, 34, 0, 0, 0.25483%, 0, 0, 0, 0.36, 42, 0, 0.25483%, 167, 65535
1645676532, 0, 0, 34, 0, 0, 0.25483%, 0, 0, 0, 0.38, 43, 0, 0.25483%, 167, 65535
1645676535, 0, 0, 34, 0, 0, 0.25483%, 0, 0, 0, 0.37, 44, 0, 0.25483%, 167, 65535
1645676538, 0, 0, 35, 0, 0, 0.25483%, 0, 0, 0, 0.39, 45, 0, 0.25483%, 167, 65535
1645676541, 0, 0, 36, 0, 0, 0.25788%, 0, 0, 0, 0.33, 46, 0, 0.25788%, 169, 65535
1645676543, 0, 0, 36, 0, 0, 0.25788%, 0, 0, 0, 0.35, 47, 0, 0.25788%, 169, 65535
1645676547, 0, 0, 37, 0, 0, 0.25788%, 0, 0, 0, 0.25, 48, 0, 0.25788%, 169, 65535
1645676553, 0, 0, 37, 0, 0, 0.25788%, 0, 0, 0, 0.20, 49, 0, 0.25788%, 169, 65535
1645676556, 0, 0, 38, 0, 0, 0.25788%, 0, 0, 0, 0.31, 50, 0, 0.25788%, 169, 65535
1645676558, 0, 0, 38, 0, 0, 0.25788%, 0, 0, 0, 0.41, 51, 0, 0.25788%, 169, 65535
1645676561, 0, 0, 38, 0, 0, 0.25788%, 0, 0, 0, 0.34, 52, 0, 0.25788%, 169, 65535
1645676564, 0, 0, 38, 0, 0, 0.25788%, 0, 0, 0, 0.39, 53, 0, 0.25788%, 169, 65535
1645676566, 0, 0, 38, 0, 0, 0.25788%, 0, 0, 0, 0.43, 54, 0, 0.25788%, 169, 65535
1645676569, 0, 0, 39, 0, 0, 0.25788%, 0, 0, 0, 0.40, 55, 0, 0.25788%, 169, 65535
1645676571, 0, 0, 39, 0, 0, 0.25788%, 0, 0, 0, 0.48, 56, 0, 0.25788%, 169, 65535
1645676573, 0, 0, 40, 0, 0, 0.25788%, 0, 0, 0, 0.42, 57, 0, 0.25788%, 169, 65535
1645676575, 0, 0, 41, 0, 0, 0.25788%, 0, 0, 0, 0.42, 58, 0, 0.25788%, 169, 65535
1645676578, 0, 0, 41, 0, 0, 0.25788%, 0, 0, 0, 0.46, 59, 0, 0.25788%, 169, 65535
1645676580, 0, 0, 41, 0, 0, 0.25788%, 0, 0, 0, 0.44, 60, 0, 0.25788%, 169, 65535
1645676582, 0, 0, 42, 0, 0, 0.25788%, 0, 0, 0, 0.43, 61, 0, 0.25788%, 169, 65535
1645676585, 0, 0, 43, 0, 0, 0.25788%, 0, 0, 0, 0.31, 62, 0, 0.25788%, 169, 65535
1645676588, 0, 0, 43, 0, 0, 0.25788%, 0, 0, 0, 0.46, 63, 0, 0.25788%, 169, 65535
1645676590, 0, 0, 43, 0, 0, 0.25788%, 0, 0, 0, 0.42, 64, 0, 0.25788%, 169, 65535
1645676593, 0, 0, 43, 0, 0, 0.25788%, 0, 0, 0, 0.30, 65, 0, 0.25788%, 169, 65535
1645676595, 0, 0, 43, 0, 0, 0.25788%, 0, 0, 0, 0.46, 66, 0, 0.25788%, 169, 65535
1645676598, 0, 0, 44, 0, 0, 0.25788%, 0, 0, 0, 0.43, 67, 0, 0.25788%, 169, 65535
1645676601, 0, 0, 45, 0, 0, 0.25788%, 0, 0, 0, 0.35, 68, 0, 0.25788%, 169, 65535
1645676604, 0, 0, 46, 0, 0, 0.25788%, 0, 0, 0, 0.30, 69, 0, 0.25788%, 169, 65535
1645676607, 0, 0, 46, 0, 0, 0.25788%, 0, 0, 0, 0.28, 70, 0, 0.25788%, 169, 65535
1645676610, 0, 0, 46, 0, 0, 0.25788%, 0, 0, 0, 0.33, 71, 0, 0.25788%, 169, 65535
1645676613, 0, 0, 46, 0, 0, 0.25788%, 0, 0, 0, 0.34, 72, 0, 0.25788%, 169, 65535
1645676616, 0, 0, 46, 0, 0, 0.25788%, 0, 0, 0, 0.33, 73, 0, 0.25788%, 169, 65535
