# unix_time, cycles_done, cur_path, paths_total, pending_total, pending_favs, map_size, unique_crashes, unique_hangs, max_depth, execs_per_sec, valid_inputs, invalid_inputs, valid_cov
1645676659, 0, 0, 1, 0, 0, 0.20447%, 0, 0, 0, 0.09, 1, 0, 0.20447%, 134, 65535
1645676661, 0, 0, 2, 0, 0, 0.22583%, 0, 0, 0, 0.48, 2, 0, 0.22583%, 148, 65535
1645676663, 0, 0, 3, 0, 0, 0.23041%, 0, 0, 0, 0.60, 3, 0, 0.23041%, 151, 65535
1645676664, 0, 0, 4, 0, 0, 0.23041%, 0, 0, 0, 0.61, 4, 0, 0.23041%, 151, 65535
1645676666, 0, 0, 5, 0, 0, 0.23651%, 0, 0, 0, 0.59, 5, 0, 0.23651%, 155, 65535
1645676668, 0, 0, 6, 0, 0, 0.23651%, 0, 0, 0, 0.64, 6, 0, 0.23651%, 155, 65535
1645676671, 0, 0, 7, 0, 0, 0.23651%, 0, 0, 0, 0.33, 7, 0, 0.23651%, 155, 65535
1645676673, 0, 0, 8, 0, 0, 0.23651%, 0, 0, 0, 0.37, 8, 0, 0.23651%, 155, 65535
1645676675, 0, 0, 9, 0, 0, 0.23651%, 0, 0, 0, 0.52, 9, 0, 0.23651%, 155, 65535
1645676677, 0, 0, 10, 0, 0, 0.23957%, 0, 0, 0, 0.54, 10, 0, 0.23957%, 157, 65535
1645676679, 0, 0, 11, 0, 0, 0.24262%, 0, 0, 0, 0.55, 11, 0, 0.24262%, 159, 65535
1645676682, 0, 0, 12, 0, 0, 0.24262%, 0, 0, 0, 0.35, 12, 0, 0.24262%, 159, 65535
1645676684, 0, 0, 13, 0, 0, 0.24262%, 0, 0, 0, 0.47, 13, 0, 0.24262%, 159, 65535
1645676686, 0, 0, 14, 0, 0, 0.24262%, 0, 0, 0, 0.53, 14, 0, 0.24262%, 159, 65535
1645676688, 0, 0, 15, 0, 0, 0.24262%, 0, 0, 0, 0.52, 15, 0, 0.24262%, 159, 65535
1645676690, 0, 0, 16, 0, 0, 0.24262%, 0, 0, 0, 0.53, 16, 0, 0.24262%, 159, 65535
1645676692, 0, 0, 17, 0, 0, 0.24262%, 0, 0, 0, 0.52, 17, 0, 0.24262%, 159, 65535
1645676693, 0, 0, 18, 0, 0, 0.24567%, 0, 0, 0, 0.53, 18, 0, 0.24567%, 161, 65535
1645676695, 0, 0, 19, 0, 0, 0.24567%, 0, 0, 0, 0.52, 19, 0, 0.24567%, 161, 65535
1645676697, 0, 0, 20, 0, 0, 0.24567%, 0, 0, 0, 0.55, 20, 0, 0.24567%, 161, 65535
1645676699, 0, 0, 20, 0, 0, 0.24567%, 0, 0, 0, 0.53, 21, 0, 0.24567%, 161, 65535
1645676701, 0, 0, 21, 0, 0, 0.24567%, 0, 0, 0, 0.50, 22, 0, 0.24567%, 161, 65535
1645676703, 0, 0, 21, 0, 0, 0.24567%, 0, 0, 0, 0.55, 23, 0, 0.24567%, 161, 65535
1645676705, 0, 0, 22, 0, 0, 0.24567%, 0, 0, 0, 0.54, 24, 0, 0.24567%, 161, 65535
1645676707, 0, 0, 23, 0, 0, 0.24567%, 0, 0, 0, 0.57, 25, 0, 0.24567%, 161, 65535
1645676708, 0, 0, 24, 0, 0, 0.24567%, 0, 0, 0, 0.55, 26, 0, 0.24567%, 161, 65535
1645676710, 0, 0, 25, 0, 0, 0.24567%, 0, 0, 0, 0.53, 27, 0, 0.24567%, 161, 65535
1645676712, 0, 0, 26, 0, 0, 0.24567%, 0, 0, 0, 0.53, 28, 0, 0.24567%, 161, 65535
1645676714, 0, 0, 27, 0, 0, 0.24567%, 0, 0, 0, 0.52, 29, 0, 0.24567%, 161, 65535
1645676716, 0, 0, 27, 0, 0, 0.24567%, 0, 0, 0, 0.54, 30, 0, 0.24567%, 161, 65535
1645676718, 0, 0, 28, 0, 0, 0.24567%, 0, 0, 0, 0.54, 31, 0, 0.24567%, 161, 65535
1645676720, 0, 0, 29, 0, 0, 0.24567%, 0, 0, 0, 0.55, 32, 0, 0.24567%, 161, 65535
1645676721, 0, 0, 30, 0, 0, 0.24567%, 0, 0, 0, 0.54, 33, 0, 0.24567%, 161, 65535
1645676723, 0, 0, 31, 0, 0, 0.24567%, 0, 0, 0, 0.51, 34, 0, 0.24567%, 161, 65535
1645676725, 0, 0, 31, 0, 0, 0.24567%, 0, 0, 0, 0.56, 35, 0, 0.24567%, 161, 65535
1645676727, 0, 0, 32, 0, 0, 0.24567%, 0, 0, 0, 0.53, 36, 0, 0.24567%, 161, 65535
1645676729, 0, 0, 33, 0, 0, 0.24567%, 0, 0, 0, 0.52, 37, 0, 0.24567%, 161, 65535
1645676731, 0, 0, 34, 0, 0, 0.24567%, 0, 0, 0, 0.53, 38, 0, 0.24567%, 161, 65535
1645676733, 0, 0, 35, 0, 0, 0.24567%, 0, 0, 0, 0.56, 39, 0, 0.24567%, 161, 65535
1645676734, 0, 0, 35, 0, 0, 0.24567%, 0, 0, 0, 0.59, 40, 0, 0.24567%, 161, 65535
1645676736, 0, 0, 35, 0, 0, 0.24567%, 0, 0, 0, 0.53, 41, 0, 0.24567%, 161, 65535
1645676738, 0, 0, 36, 0, 0, 0.24720%, 0, 0, 0, 0.50, 42, 0, 0.24720%, 162, 65535
1645676740, 0, 0, 36, 0, 0, 0.24720%, 0, 0, 0, 0.58, 43, 0, 0.24720%, 162, 65535
1645676742, 0, 0, 36, 0, 0, 0.24720%, 0, 0, 0, 0.53, 44, 0, 0.24720%, 162, 65535
1645676744, 0, 0, 37, 0, 0, 0.24720%, 0, 0, 0, 0.52, 45, 0, 0.24720%, 162, 65535
1645676746, 0, 0, 37, 0, 0, 0.24720%, 0, 0, 0, 0.52, 46, 0, 0.24720%, 162, 65535
1645676748, 0, 0, 37, 0, 0, 0.24720%, 0, 0, 0, 0.55, 47, 0, 0.24720%, 162, 65535
1645676749, 0, 0, 37, 0, 0, 0.24720%, 0, 0, 0, 0.52, 48, 0, 0.24720%, 162, 65535
1645676751, 0, 0, 37, 0, 0, 0.24720%, 0, 0, 0, 0.56, 49, 0, 0.24720%, 162, 65535
1645676753, 0, 0, 37, 0, 0, 0.24720%, 0, 0, 0, 0.54, 50, 0, 0.24720%, 162, 65535
1645676755, 0, 0, 37, 0, 0, 0.24720%, 0, 0, 0, 0.54, 51, 0, 0.24720%, 162, 65535
1645676757, 0, 0, 37, 0, 0, 0.24720%, 0, 0, 0, 0.53, 52, 0, 0.24720%, 162, 65535
1645676759, 0, 0, 38, 0, 0, 0.24720%, 0, 0, 0, 0.57, 53, 0, 0.24720%, 162, 65535
1645676760, 0, 0, 39, 0, 0, 0.24720%, 0, 0, 0, 0.53, 54, 0, 0.24720%, 162, 65535
1645676762, 0, 0, 40, 0, 0, 0.24720%, 0, 0, 0, 0.54, 55, 0, 0.24720%, 162, 65535
1645676764, 0, 0, 40, 0, 0, 0.24720%, 0, 0, 0, 0.62, 56, 0, 0.24720%, 162, 65535
1645676766, 0, 0, 40, 0, 0, 0.24720%, 0, 0, 0, 0.62, 57, 0, 0.24720%, 162, 65535
1645676767, 0, 0, 40, 0, 0, 0.24720%, 0, 0, 0, 0.59, 58, 0, 0.24720%, 162, 65535
1645676769, 0, 0, 40, 0, 0, 0.24720%, 0, 0, 0, 0.49, 59, 0, 0.24720%, 162, 65535
1645676771, 0, 0, 40, 0, 0, 0.24720%, 0, 0, 0, 0.58, 60, 0, 0.24720%, 162, 65535
1645676773, 0, 0, 40, 0, 0, 0.24720%, 0, 0, 0, 0.55, 61, 0, 0.24720%, 162, 65535
1645676775, 0, 0, 41, 0, 0, 0.24720%, 0, 0, 0, 0.58, 62, 0, 0.24720%, 162, 65535
1645676776, 0, 0, 41, 0, 0, 0.24720%, 0, 0, 0, 0.57, 63, 0, 0.24720%, 162, 65535
1645676778, 0, 0, 42, 0, 0, 0.24720%, 0, 0, 0, 0.54, 64, 0, 0.24720%, 162, 65535
1645676780, 0, 0, 42, 0, 0, 0.24720%, 0, 0, 0, 0.55, 65, 0, 0.24720%, 162, 65535
1645676782, 0, 0, 42, 0, 0, 0.24720%, 0, 0, 0, 0.47, 66, 0, 0.24720%, 162, 65535
1645676784, 0, 0, 43, 0, 0, 0.24720%, 0, 0, 0, 0.53, 67, 0, 0.24720%, 162, 65535
1645676786, 0, 0, 43, 0, 0, 0.24720%, 0, 0, 0, 0.47, 68, 0, 0.24720%, 162, 65535
1645676788, 0, 0, 43, 0, 0, 0.24720%, 0, 0, 0, 0.58, 69, 0, 0.24720%, 162, 65535
1645676790, 0, 0, 43, 0, 0, 0.24720%, 0, 0, 0, 0.58, 70, 0, 0.24720%, 162, 65535
1645676791, 0, 0, 43, 0, 0, 0.24720%, 0, 0, 0, 0.58, 71, 0, 0.24720%, 162, 65535
1645676793, 0, 0, 43, 0, 0, 0.24720%, 0, 0, 0, 0.58, 72, 0, 0.24720%, 162, 65535
1645676795, 0, 0, 43, 0, 0, 0.24720%, 0, 0, 0, 0.58, 73, 0, 0.24720%, 162, 65535
1645676796, 0, 0, 43, 0, 0, 0.24720%, 0, 0, 0, 0.63, 74, 0, 0.24720%, 162, 65535
1645676798, 0, 0, 43, 0, 0, 0.24720%, 0, 0, 0, 0.57, 75, 0, 0.24720%, 162, 65535
1645676800, 0, 0, 43, 0, 0, 0.24720%, 0, 0, 0, 0.59, 76, 0, 0.24720%, 162, 65535
1645676801, 0, 0, 43, 0, 0, 0.24720%, 0, 0, 0, 0.63, 77, 0, 0.24720%, 162, 65535
1645676803, 0, 0, 43, 0, 0, 0.24720%, 0, 0, 0, 0.66, 78, 0, 0.24720%, 162, 65535
1645676804, 0, 0, 43, 0, 0, 0.24720%, 0, 0, 0, 0.66, 79, 0, 0.24720%, 162, 65535
1645676806, 0, 0, 43, 0, 0, 0.24720%, 0, 0, 0, 0.67, 80, 0, 0.24720%, 162, 65535
1645676807, 0, 0, 43, 0, 0, 0.24720%, 0, 0, 0, 0.62, 81, 0, 0.24720%, 162, 65535
1645676809, 0, 0, 43, 0, 0, 0.24720%, 0, 0, 0, 0.68, 82, 0, 0.24720%, 162, 65535
1645676810, 0, 0, 44, 0, 0, 0.24720%, 0, 0, 0, 0.67, 83, 0, 0.24720%, 162, 65535
1645676812, 0, 0, 44, 0, 0, 0.24720%, 0, 0, 0, 0.65, 84, 0, 0.24720%, 162, 65535
1645676813, 0, 0, 44, 0, 0, 0.24720%, 0, 0, 0, 0.66, 85, 0, 0.24720%, 162, 65535
1645676815, 0, 0, 44, 0, 0, 0.24720%, 0, 0, 0, 0.65, 86, 0, 0.24720%, 162, 65535
1645676817, 0, 0, 44, 0, 0, 0.24720%, 0, 0, 0, 0.57, 87, 0, 0.24720%, 162, 65535
1645676818, 0, 0, 44, 0, 0, 0.24720%, 0, 0, 0, 0.63, 88, 0, 0.24720%, 162, 65535
1645676820, 0, 0, 45, 0, 0, 0.24720%, 0, 0, 0, 0.64, 89, 0, 0.24720%, 162, 65535
1645676821, 0, 0, 45, 0, 0, 0.24720%, 0, 0, 0, 0.68, 90, 0, 0.24720%, 162, 65535
1645676823, 0, 0, 45, 0, 0, 0.24720%, 0, 0, 0, 0.64, 91, 0, 0.24720%, 162, 65535
1645676825, 0, 0, 45, 0, 0, 0.24720%, 0, 0, 0, 0.62, 92, 0, 0.24720%, 162, 65535
1645676826, 0, 0, 45, 0, 0, 0.24720%, 0, 0, 0, 0.70, 93, 0, 0.24720%, 162, 65535
1645676828, 0, 0, 46, 0, 0, 0.24720%, 0, 0, 0, 0.64, 94, 0, 0.24720%, 162, 65535
1645676829, 0, 0, 46, 0, 0, 0.24720%, 0, 0, 0, 0.68, 95, 0, 0.24720%, 162, 65535
1645676831, 0, 0, 46, 0, 0, 0.24720%, 0, 0, 0, 0.66, 96, 0, 0.24720%, 162, 65535
1645676832, 0, 0, 46, 0, 0, 0.24720%, 0, 0, 0, 0.66, 97, 0, 0.24720%, 162, 65535
1645676834, 0, 0, 46, 0, 0, 0.24720%, 0, 0, 0, 0.63, 98, 0, 0.24720%, 162, 65535
1645676835, 0, 0, 46, 0, 0, 0.24720%, 0, 0, 0, 0.67, 99, 0, 0.24720%, 162, 65535
1645676837, 0, 0, 46, 0, 0, 0.24720%, 0, 0, 0, 0.66, 100, 0, 0.24720%, 162, 65535
1645676838, 0, 0, 46, 0, 0, 0.24720%, 0, 0, 0, 0.67, 101, 0, 0.24720%, 162, 65535
1645676840, 0, 0, 46, 0, 0, 0.24720%, 0, 0, 0, 0.68, 102, 0, 0.24720%, 162, 65535
1645676841, 0, 0, 47, 0, 0, 0.24720%, 0, 0, 0, 0.64, 103, 0, 0.24720%, 162, 65535
1645676843, 0, 0, 47, 0, 0, 0.24720%, 0, 0, 0, 0.69, 104, 0, 0.24720%, 162, 65535
1645676844, 0, 0, 47, 0, 0, 0.24720%, 0, 0, 0, 0.69, 105, 0, 0.24720%, 162, 65535
1645676846, 0, 0, 48, 0, 0, 0.24720%, 0, 0, 0, 0.68, 106, 0, 0.24720%, 162, 65535
1645676847, 0, 0, 48, 0, 0, 0.24720%, 0, 0, 0, 0.66, 107, 0, 0.24720%, 162, 65535
1645676849, 0, 0, 48, 0, 0, 0.24720%, 0, 0, 0, 0.65, 108, 0, 0.24720%, 162, 65535
1645676850, 0, 0, 48, 0, 0, 0.24720%, 0, 0, 0, 0.68, 109, 0, 0.24720%, 162, 65535
1645676852, 0, 0, 48, 0, 0, 0.24720%, 0, 0, 0, 0.66, 110, 0, 0.24720%, 162, 65535
1645676853, 0, 0, 48, 0, 0, 0.24720%, 0, 0, 0, 0.65, 111, 0, 0.24720%, 162, 65535
1645676855, 0, 0, 48, 0, 0, 0.24720%, 0, 0, 0, 0.67, 112, 0, 0.24720%, 162, 65535
1645676856, 0, 0, 48, 0, 0, 0.24720%, 0, 0, 0, 0.63, 113, 0, 0.24720%, 162, 65535
1645676858, 0, 0, 48, 0, 0, 0.24720%, 0, 0, 0, 0.67, 114, 0, 0.24720%, 162, 65535
1645676859, 0, 0, 48, 0, 0, 0.24720%, 0, 0, 0, 0.67, 115, 0, 0.24720%, 162, 65535
1645676861, 0, 0, 49, 0, 0, 0.24720%, 0, 0, 0, 0.62, 116, 0, 0.24720%, 162, 65535
1645676862, 0, 0, 49, 0, 0, 0.24720%, 0, 0, 0, 0.62, 117, 0, 0.24720%, 162, 65535
1645676864, 0, 0, 49, 0, 0, 0.24720%, 0, 0, 0, 0.64, 118, 0, 0.24720%, 162, 65535
1645676866, 0, 0, 49, 0, 0, 0.24720%, 0, 0, 0, 0.62, 119, 0, 0.24720%, 162, 65535
1645676867, 0, 0, 49, 0, 0, 0.24720%, 0, 0, 0, 0.57, 120, 0, 0.24720%, 162, 65535
1645676869, 0, 0, 49, 0, 0, 0.24720%, 0, 0, 0, 0.62, 121, 0, 0.24720%, 162, 65535
1645676871, 0, 0, 50, 0, 0, 0.24720%, 0, 0, 0, 0.66, 122, 0, 0.24720%, 162, 65535
1645676872, 0, 0, 50, 0, 0, 0.24720%, 0, 0, 0, 0.68, 123, 0, 0.24720%, 162, 65535
1645676873, 0, 0, 51, 0, 0, 0.24720%, 0, 0, 0, 0.68, 124, 0, 0.24720%, 162, 65535
1645676875, 0, 0, 51, 0, 0, 0.24720%, 0, 0, 0, 0.65, 125, 0, 0.24720%, 162, 65535
1645676876, 0, 0, 52, 0, 0, 0.24720%, 0, 0, 0, 0.72, 126, 0, 0.24720%, 162, 65535
1645676878, 0, 0, 52, 0, 0, 0.24720%, 0, 0, 0, 0.63, 127, 0, 0.24720%, 162, 65535
1645676880, 0, 0, 53, 0, 0, 0.24720%, 0, 0, 0, 0.62, 128, 0, 0.24720%, 162, 65535
1645676881, 0, 0, 54, 0, 0, 0.24720%, 0, 0, 0, 0.62, 129, 0, 0.24720%, 162, 65535
1645676883, 0, 0, 54, 0, 0, 0.24720%, 0, 0, 0, 0.65, 130, 0, 0.24720%, 162, 65535
1645676884, 0, 0, 55, 0, 0, 0.24720%, 0, 0, 0, 0.64, 131, 0, 0.24720%, 162, 65535
1645676886, 0, 0, 56, 0, 0, 0.24720%, 0, 0, 0, 0.66, 132, 0, 0.24720%, 162, 65535
1645676887, 0, 0, 56, 0, 0, 0.24720%, 0, 0, 0, 0.68, 133, 0, 0.24720%, 162, 65535
1645676889, 0, 0, 56, 0, 0, 0.24720%, 0, 0, 0, 0.63, 134, 0, 0.24720%, 162, 65535
1645676890, 0, 0, 56, 0, 0, 0.24720%, 0, 0, 0, 0.64, 135, 0, 0.24720%, 162, 65535
1645676892, 0, 0, 56, 0, 0, 0.24720%, 0, 0, 0, 0.65, 136, 0, 0.24720%, 162, 65535
1645676894, 0, 0, 56, 0, 0, 0.24720%, 0, 0, 0, 0.65, 137, 0, 0.24720%, 162, 65535
1645676895, 0, 0, 56, 0, 0, 0.24720%, 0, 0, 0, 0.66, 138, 0, 0.24720%, 162, 65535
1645676897, 0, 0, 56, 0, 0, 0.24720%, 0, 0, 0, 0.64, 139, 0, 0.24720%, 162, 65535
1645676898, 0, 0, 57, 0, 0, 0.24720%, 0, 0, 0, 0.63, 140, 0, 0.24720%, 162, 65535
1645676900, 0, 0, 57, 0, 0, 0.24720%, 0, 0, 0, 0.61, 141, 0, 0.24720%, 162, 65535
1645676901, 0, 0, 57, 0, 0, 0.24720%, 0, 0, 0, 0.63, 142, 0, 0.24720%, 162, 65535
1645676903, 0, 0, 57, 0, 0, 0.24720%, 0, 0, 0, 0.58, 143, 0, 0.24720%, 162, 65535
1645676905, 0, 0, 58, 0, 0, 0.24720%, 0, 0, 0, 0.59, 144, 0, 0.24720%, 162, 65535
1645676906, 0, 0, 58, 0, 0, 0.24720%, 0, 0, 0, 0.65, 145, 0, 0.24720%, 162, 65535
1645676908, 0, 0, 58, 0, 0, 0.24720%, 0, 0, 0, 0.67, 146, 0, 0.24720%, 162, 65535
1645676909, 0, 0, 58, 0, 0, 0.24720%, 0, 0, 0, 0.67, 147, 0, 0.24720%, 162, 65535
1645676911, 0, 0, 58, 0, 0, 0.24720%, 0, 0, 0, 0.67, 148, 0, 0.24720%, 162, 65535
1645676913, 0, 0, 59, 0, 0, 0.24720%, 0, 0, 0, 0.60, 149, 0, 0.24720%, 162, 65535
1645676914, 0, 0, 59, 0, 0, 0.24720%, 0, 0, 0, 0.65, 150, 0, 0.24720%, 162, 65535
1645676916, 0, 0, 59, 0, 0, 0.24720%, 0, 0, 0, 0.59, 151, 0, 0.24720%, 162, 65535
1645676917, 0, 0, 59, 0, 0, 0.24720%, 0, 0, 0, 0.63, 152, 0, 0.24720%, 162, 65535
1645676919, 0, 0, 59, 0, 0, 0.24720%, 0, 0, 0, 0.67, 153, 0, 0.24720%, 162, 65535
1645676920, 0, 0, 59, 0, 0, 0.24720%, 0, 0, 0, 0.69, 154, 0, 0.24720%, 162, 65535
1645676922, 0, 0, 59, 0, 0, 0.24720%, 0, 0, 0, 0.65, 155, 0, 0.24720%, 162, 65535
1645676923, 0, 0, 59, 0, 0, 0.24720%, 0, 0, 0, 0.63, 156, 0, 0.24720%, 162, 65535
1645676925, 0, 0, 59, 0, 0, 0.24720%, 0, 0, 0, 0.66, 157, 0, 0.24720%, 162, 65535
1645676927, 0, 0, 59, 0, 0, 0.24720%, 0, 0, 0, 0.63, 158, 0, 0.24720%, 162, 65535
1645676928, 0, 0, 59, 0, 0, 0.24720%, 0, 0, 0, 0.69, 159, 0, 0.24720%, 162, 65535
1645676930, 0, 0, 60, 0, 0, 0.24872%, 0, 0, 0, 0.64, 160, 0, 0.24872%, 163, 65535
1645676931, 0, 0, 60, 0, 0, 0.24872%, 0, 0, 0, 0.65, 161, 0, 0.24872%, 163, 65535
1645676933, 0, 0, 60, 0, 0, 0.24872%, 0, 0, 0, 0.56, 162, 0, 0.24872%, 163, 65535
1645676934, 0, 0, 60, 0, 0, 0.24872%, 0, 0, 0, 0.65, 163, 0, 0.24872%, 163, 65535
1645676936, 0, 0, 60, 0, 0, 0.24872%, 0, 0, 0, 0.59, 164, 0, 0.24872%, 163, 65535
1645676938, 0, 0, 60, 0, 0, 0.24872%, 0, 0, 0, 0.47, 165, 0, 0.24872%, 163, 65535
1645676940, 0, 0, 60, 0, 0, 0.24872%, 1, 0, 0, 0.64, 165, 1, 0.24872%, 163, 65535
1645676941, 0, 0, 60, 0, 0, 0.24872%, 2, 0, 0, 0.67, 165, 2, 0.24872%, 163, 65535
1645676943, 0, 0, 60, 0, 0, 0.24872%, 2, 0, 0, 0.67, 165, 3, 0.24872%, 163, 65535
1645676944, 0, 0, 60, 0, 0, 0.24872%, 2, 0, 0, 0.67, 165, 4, 0.24872%, 163, 65535
1645676946, 0, 0, 60, 0, 0, 0.24872%, 2, 0, 0, 0.68, 165, 5, 0.24872%, 163, 65535
1645676947, 0, 0, 60, 0, 0, 0.24872%, 2, 0, 0, 0.68, 165, 6, 0.24872%, 163, 65535
1645676949, 0, 0, 60, 0, 0, 0.24872%, 2, 0, 0, 0.67, 165, 7, 0.24872%, 163, 65535
1645676950, 0, 0, 60, 0, 0, 0.24872%, 2, 0, 0, 0.68, 165, 8, 0.24872%, 163, 65535
1645676952, 0, 0, 60, 0, 0, 0.24872%, 2, 0, 0, 0.68, 165, 9, 0.24872%, 163, 65535
1645676953, 0, 0, 60, 0, 0, 0.24872%, 2, 0, 0, 0.68, 165, 10, 0.24872%, 163, 65535
1645676955, 0, 0, 60, 0, 0, 0.24872%, 2, 0, 0, 0.68, 165, 11, 0.24872%, 163, 65535
1645676956, 0, 0, 60, 0, 0, 0.24872%, 2, 0, 0, 0.68, 165, 12, 0.24872%, 163, 65535
1645676958, 0, 0, 60, 0, 0, 0.24872%, 2, 0, 0, 0.68, 165, 13, 0.24872%, 163, 65535
1645676959, 0, 0, 60, 0, 0, 0.24872%, 2, 0, 0, 0.68, 165, 14, 0.24872%, 163, 65535
1645676961, 0, 0, 60, 0, 0, 0.24872%, 2, 0, 0, 0.68, 165, 15, 0.24872%, 163, 65535
1645676962, 0, 0, 60, 0, 0, 0.24872%, 2, 0, 0, 0.67, 165, 16, 0.24872%, 163, 65535
1645676963, 0, 0, 60, 0, 0, 0.24872%, 2, 0, 0, 0.67, 165, 17, 0.24872%, 163, 65535
1645676965, 0, 0, 60, 0, 0, 0.24872%, 2, 0, 0, 0.67, 165, 18, 0.24872%, 163, 65535
1645676966, 0, 0, 60, 0, 0, 0.24872%, 2, 0, 0, 0.67, 165, 19, 0.24872%, 163, 65535
1645676968, 0, 0, 60, 0, 0, 0.24872%, 2, 0, 0, 0.68, 165, 20, 0.24872%, 163, 65535
1645676969, 0, 0, 60, 0, 0, 0.24872%, 2, 0, 0, 0.68, 165, 21, 0.24872%, 163, 65535
1645676971, 0, 0, 60, 0, 0, 0.24872%, 2, 0, 0, 0.68, 165, 22, 0.24872%, 163, 65535
1645676972, 0, 0, 60, 0, 0, 0.24872%, 2, 0, 0, 0.67, 165, 23, 0.24872%, 163, 65535
1645676974, 0, 0, 60, 0, 0, 0.24872%, 2, 0, 0, 0.69, 165, 24, 0.24872%, 163, 65535
1645676975, 0, 0, 60, 0, 0, 0.24872%, 2, 0, 0, 0.67, 165, 25, 0.24872%, 163, 65535
1645676977, 0, 0, 60, 0, 0, 0.24872%, 2, 0, 0, 0.68, 165, 26, 0.24872%, 163, 65535
1645676978, 0, 0, 60, 0, 0, 0.24872%, 2, 0, 0, 0.68, 165, 27, 0.24872%, 163, 65535
1645676980, 0, 0, 60, 0, 0, 0.24872%, 2, 0, 0, 0.68, 165, 28, 0.24872%, 163, 65535
1645676981, 0, 0, 60, 0, 0, 0.24872%, 2, 0, 0, 0.67, 165, 29, 0.24872%, 163, 65535
1645676983, 0, 0, 60, 0, 0, 0.24872%, 2, 0, 0, 0.68, 165, 30, 0.24872%, 163, 65535
1645676984, 0, 0, 60, 0, 0, 0.24872%, 2, 0, 0, 0.68, 165, 31, 0.24872%, 163, 65535
1645676986, 0, 0, 60, 0, 0, 0.24872%, 2, 0, 0, 0.66, 165, 32, 0.24872%, 163, 65535
1645676987, 0, 0, 60, 0, 0, 0.24872%, 2, 0, 0, 0.67, 165, 33, 0.24872%, 163, 65535
1645676989, 0, 0, 60, 0, 0, 0.24872%, 2, 0, 0, 0.68, 165, 34, 0.24872%, 163, 65535
1645676990, 0, 0, 60, 0, 0, 0.24872%, 2, 0, 0, 0.68, 165, 35, 0.24872%, 163, 65535
