# unix_time, cycles_done, cur_path, paths_total, pending_total, pending_favs, map_size, unique_crashes, unique_hangs, max_depth, execs_per_sec, valid_inputs, invalid_inputs, valid_cov
1646532539, 0, 0, 1, 0, 0, 0.11902%, 0, 0, 0, 0.12, 1, 0, 0.11902%, 78, 65535
1646532541, 0, 0, 2, 0, 0, 0.12665%, 0, 0, 0, 0.87, 2, 0, 0.12665%, 83, 65535
1646532541, 0, 0, 3, 0, 0, 0.12665%, 0, 0, 0, 1.53, 3, 0, 0.12665%, 83, 65535
1646532542, 0, 0, 4, 0, 0, 0.14801%, 0, 0, 0, 0.92, 4, 0, 0.14801%, 97, 65535
1646532544, 0, 0, 5, 0, 0, 0.19837%, 0, 0, 0, 0.76, 5, 0, 0.19837%, 130, 65535
1646532544, 0, 0, 7, 0, 0, 0.19837%, 0, 0, 0, 3.03, 7, 0, 0.19837%, 130, 65535
1646532546, 0, 0, 8, 0, 0, 0.20447%, 0, 0, 0, 0.78, 8, 0, 0.20447%, 134, 65535
1646532546, 0, 0, 9, 0, 0, 0.20447%, 0, 0, 0, 2.32, 9, 0, 0.20447%, 134, 65535
1646532547, 0, 0, 10, 0, 0, 0.20447%, 0, 0, 0, 1.81, 10, 0, 0.20447%, 134, 65535
1646532547, 0, 0, 11, 0, 0, 0.20600%, 0, 0, 0, 1.53, 11, 0, 0.20600%, 135, 65535
1646532548, 0, 0, 12, 0, 0, 0.20600%, 0, 0, 0, 1.65, 12, 0, 0.20600%, 135, 65535
1646532549, 0, 0, 13, 0, 0, 0.20752%, 0, 0, 0, 1.18, 13, 0, 0.20752%, 136, 65535
1646532549, 0, 0, 13, 0, 0, 0.20752%, 0, 0, 0, 1.77, 14, 0, 0.20752%, 136, 65535
1646532550, 0, 0, 14, 0, 0, 0.20752%, 0, 0, 0, 0.84, 15, 0, 0.20752%, 136, 65535
1646532551, 0, 0, 14, 0, 0, 0.20752%, 0, 0, 0, 1.63, 16, 0, 0.20752%, 136, 65535
1646532552, 0, 0, 16, 0, 0, 0.20752%, 0, 0, 0, 2.42, 18, 0, 0.20752%, 136, 65535
1646532553, 0, 0, 16, 0, 0, 0.20752%, 0, 0, 0, 1.18, 19, 0, 0.20752%, 136, 65535
1646532553, 0, 0, 17, 0, 0, 0.20752%, 0, 0, 0, 1.98, 20, 0, 0.20752%, 136, 65535
1646532554, 0, 0, 18, 0, 0, 0.20752%, 0, 0, 0, 3.25, 21, 0, 0.20752%, 136, 65535
1646532554, 0, 0, 18, 0, 0, 0.20752%, 0, 0, 0, 1.86, 22, 0, 0.20752%, 136, 65535
1646532556, 0, 0, 19, 0, 0, 0.20752%, 0, 0, 0, 0.63, 23, 0, 0.20752%, 136, 65535
1646532557, 0, 0, 20, 0, 0, 0.20905%, 0, 0, 0, 1.11, 24, 0, 0.20905%, 137, 65535
1646532557, 0, 0, 21, 0, 0, 0.20905%, 0, 0, 0, 2.43, 25, 0, 0.20905%, 137, 65535
1646532558, 0, 0, 21, 0, 0, 0.20905%, 0, 0, 0, 1.77, 26, 0, 0.20905%, 137, 65535
1646532558, 0, 0, 21, 0, 0, 0.20905%, 0, 0, 0, 2.26, 27, 0, 0.20905%, 137, 65535
1646532558, 0, 0, 21, 0, 0, 0.20905%, 0, 0, 0, 2.34, 28, 0, 0.20905%, 137, 65535
1646532559, 0, 0, 21, 0, 0, 0.20905%, 0, 0, 0, 2.85, 29, 0, 0.20905%, 137, 65535
1646532559, 0, 0, 21, 0, 0, 0.20905%, 0, 0, 0, 2.91, 31, 0, 0.20905%, 137, 65535
1646532560, 0, 0, 22, 0, 0, 0.20905%, 0, 0, 0, 2.66, 33, 0, 0.20905%, 137, 65535
1646532561, 0, 0, 22, 0, 0, 0.20905%, 0, 0, 0, 1.14, 34, 0, 0.20905%, 137, 65535
1646532562, 0, 0, 22, 0, 0, 0.20905%, 0, 0, 0, 1.26, 35, 0, 0.20905%, 137, 65535
1646532562, 0, 0, 22, 0, 0, 0.20905%, 0, 0, 0, 1.90, 36, 0, 0.20905%, 137, 65535
1646532563, 0, 0, 22, 0, 0, 0.20905%, 0, 0, 0, 1.73, 37, 0, 0.20905%, 137, 65535
1646532564, 0, 0, 23, 0, 0, 0.20905%, 0, 0, 0, 2.49, 39, 0, 0.20905%, 137, 65535
1646532564, 0, 0, 23, 0, 0, 0.20905%, 0, 0, 0, 1.58, 40, 0, 0.20905%, 137, 65535
1646532565, 0, 0, 23, 0, 0, 0.20905%, 0, 0, 0, 1.93, 41, 0, 0.20905%, 137, 65535
1646532565, 0, 0, 23, 0, 0, 0.20905%, 0, 0, 0, 1.90, 42, 0, 0.20905%, 137, 65535
1646532566, 0, 0, 23, 0, 0, 0.20905%, 0, 0, 0, 2.22, 43, 0, 0.20905%, 137, 65535
1646532566, 0, 0, 23, 0, 0, 0.20905%, 0, 0, 0, 2.87, 44, 0, 0.20905%, 137, 65535
1646532567, 0, 0, 23, 0, 0, 0.20905%, 0, 0, 0, 2.74, 45, 0, 0.20905%, 137, 65535
1646532567, 0, 0, 23, 0, 0, 0.20905%, 0, 0, 0, 1.19, 46, 0, 0.20905%, 137, 65535
1646532568, 0, 0, 23, 0, 0, 0.20905%, 0, 0, 0, 1.76, 47, 0, 0.20905%, 137, 65535
1646532568, 0, 0, 23, 0, 0, 0.20905%, 0, 0, 0, 5.51, 49, 0, 0.20905%, 137, 65535
1646532569, 0, 0, 23, 0, 0, 0.20905%, 0, 0, 0, 1.96, 50, 0, 0.20905%, 137, 65535
1646532569, 0, 0, 23, 0, 0, 0.20905%, 0, 0, 0, 2.43, 51, 0, 0.20905%, 137, 65535
1646532570, 0, 0, 23, 0, 0, 0.20905%, 0, 0, 0, 2.94, 52, 0, 0.20905%, 137, 65535
1646532570, 0, 0, 24, 0, 0, 0.20905%, 0, 0, 0, 1.76, 53, 0, 0.20905%, 137, 65535
1646532571, 0, 0, 25, 0, 0, 0.20905%, 0, 0, 0, 1.16, 54, 0, 0.20905%, 137, 65535
1646532572, 0, 0, 26, 0, 0, 0.20905%, 0, 0, 0, 0.73, 55, 0, 0.20905%, 137, 65535
1646532573, 0, 0, 26, 0, 0, 0.20905%, 0, 0, 0, 1.52, 56, 0, 0.20905%, 137, 65535
1646532574, 0, 0, 27, 0, 0, 0.20905%, 0, 0, 0, 1.27, 57, 0, 0.20905%, 137, 65535
1646532575, 0, 0, 27, 0, 0, 0.20905%, 0, 0, 0, 0.97, 58, 0, 0.20905%, 137, 65535
1646532576, 0, 0, 27, 0, 0, 0.20905%, 0, 0, 0, 2.12, 60, 0, 0.20905%, 137, 65535
1646532576, 0, 0, 27, 0, 0, 0.20905%, 0, 0, 0, 2.16, 61, 0, 0.20905%, 137, 65535
1646532577, 0, 0, 27, 0, 0, 0.20905%, 0, 0, 0, 1.15, 62, 0, 0.20905%, 137, 65535
1646532578, 0, 0, 27, 0, 0, 0.20905%, 0, 0, 0, 2.08, 63, 0, 0.20905%, 137, 65535
1646532578, 0, 0, 27, 0, 0, 0.20905%, 0, 0, 0, 3.08, 65, 0, 0.20905%, 137, 65535
1646532579, 0, 0, 27, 0, 0, 0.20905%, 0, 0, 0, 3.22, 66, 0, 0.20905%, 137, 65535
1646532580, 0, 0, 28, 0, 0, 0.20905%, 0, 0, 0, 1.04, 67, 0, 0.20905%, 137, 65535
1646532580, 0, 0, 28, 0, 0, 0.20905%, 0, 0, 0, 2.03, 68, 0, 0.20905%, 137, 65535
1646532581, 0, 0, 28, 0, 0, 0.20905%, 0, 0, 0, 1.44, 69, 0, 0.20905%, 137, 65535
1646532581, 0, 0, 28, 0, 0, 0.20905%, 0, 0, 0, 1.71, 70, 0, 0.20905%, 137, 65535
1646532582, 0, 0, 28, 0, 0, 0.20905%, 0, 0, 0, 2.54, 72, 0, 0.20905%, 137, 65535
1646532583, 0, 0, 28, 0, 0, 0.20905%, 0, 0, 0, 2.16, 74, 0, 0.20905%, 137, 65535
1646532584, 0, 0, 28, 0, 0, 0.20905%, 0, 0, 0, 1.00, 75, 0, 0.20905%, 137, 65535
1646532585, 0, 0, 28, 0, 0, 0.20905%, 0, 0, 0, 1.66, 76, 0, 0.20905%, 137, 65535
1646532585, 0, 0, 28, 0, 0, 0.20905%, 0, 0, 0, 1.26, 77, 0, 0.20905%, 137, 65535
1646532586, 0, 0, 28, 0, 0, 0.20905%, 0, 0, 0, 1.99, 78, 0, 0.20905%, 137, 65535
1646532587, 0, 0, 29, 0, 0, 0.20905%, 0, 0, 0, 2.07, 81, 0, 0.20905%, 137, 65535
1646532588, 0, 0, 29, 0, 0, 0.20905%, 0, 0, 0, 1.63, 82, 0, 0.20905%, 137, 65535
1646532589, 0, 0, 29, 0, 0, 0.20905%, 0, 0, 0, 1.56, 83, 0, 0.20905%, 137, 65535
1646532589, 0, 0, 29, 0, 0, 0.20905%, 0, 0, 0, 2.19, 84, 0, 0.20905%, 137, 65535
1646532590, 0, 0, 29, 0, 0, 0.20905%, 0, 0, 0, 1.34, 85, 0, 0.20905%, 137, 65535
1646532591, 0, 0, 29, 0, 0, 0.20905%, 0, 0, 0, 1.24, 86, 0, 0.20905%, 137, 65535
1646532591, 0, 0, 29, 0, 0, 0.20905%, 0, 0, 0, 3.29, 87, 0, 0.20905%, 137, 65535
1646532592, 0, 0, 29, 0, 0, 0.20905%, 0, 0, 0, 1.72, 88, 0, 0.20905%, 137, 65535
1646532592, 0, 0, 29, 0, 0, 0.20905%, 0, 0, 0, 1.42, 89, 0, 0.20905%, 137, 65535
1646532593, 0, 0, 30, 0, 0, 0.20905%, 0, 0, 0, 1.76, 90, 0, 0.20905%, 137, 65535
1646532594, 0, 0, 30, 0, 0, 0.20905%, 0, 0, 0, 2.17, 92, 0, 0.20905%, 137, 65535
1646532594, 0, 0, 30, 0, 0, 0.20905%, 0, 0, 0, 4.05, 94, 0, 0.20905%, 137, 65535
1646532595, 0, 0, 30, 0, 0, 0.20905%, 0, 0, 0, 1.32, 95, 0, 0.20905%, 137, 65535
1646532596, 0, 0, 30, 0, 0, 0.20905%, 0, 0, 0, 1.40, 96, 0, 0.20905%, 137, 65535
1646532596, 0, 0, 30, 0, 0, 0.20905%, 0, 0, 0, 1.45, 97, 0, 0.20905%, 137, 65535
1646532597, 0, 0, 30, 0, 0, 0.20905%, 0, 0, 0, 1.79, 98, 0, 0.20905%, 137, 65535
1646532599, 0, 0, 30, 0, 0, 0.20905%, 0, 0, 0, 1.25, 100, 0, 0.20905%, 137, 65535
1646532599, 0, 0, 30, 0, 0, 0.20905%, 0, 0, 0, 3.28, 101, 0, 0.20905%, 137, 65535
1646532600, 0, 0, 30, 0, 0, 0.20905%, 0, 0, 0, 1.54, 102, 0, 0.20905%, 137, 65535
1646532601, 0, 0, 31, 0, 0, 0.21057%, 0, 0, 0, 0.90, 103, 0, 0.21057%, 138, 65535
1646532601, 0, 0, 31, 0, 0, 0.21057%, 0, 0, 0, 2.82, 104, 0, 0.21057%, 138, 65535
1646532602, 0, 0, 31, 0, 0, 0.21057%, 0, 0, 0, 1.73, 105, 0, 0.21057%, 138, 65535
1646532602, 0, 0, 31, 0, 0, 0.21057%, 0, 0, 0, 1.57, 106, 0, 0.21057%, 138, 65535
1646532603, 0, 0, 31, 0, 0, 0.21057%, 0, 0, 0, 1.63, 107, 0, 0.21057%, 138, 65535
1646532604, 0, 0, 31, 0, 0, 0.21057%, 0, 0, 0, 1.28, 108, 0, 0.21057%, 138, 65535
1646532604, 0, 0, 31, 0, 0, 0.21057%, 0, 0, 0, 1.79, 109, 0, 0.21057%, 138, 65535
1646532605, 0, 0, 31, 0, 0, 0.21057%, 0, 0, 0, 2.04, 110, 0, 0.21057%, 138, 65535
1646532605, 0, 0, 31, 0, 0, 0.21057%, 0, 0, 0, 2.13, 111, 0, 0.21057%, 138, 65535
1646532606, 0, 0, 31, 0, 0, 0.21057%, 0, 0, 0, 5.46, 113, 0, 0.21057%, 138, 65535
1646532606, 0, 0, 31, 0, 0, 0.21057%, 0, 0, 0, 5.14, 115, 0, 0.21057%, 138, 65535
1646532606, 0, 0, 31, 0, 0, 0.21057%, 0, 0, 0, 2.50, 116, 0, 0.21057%, 138, 65535
1646532607, 0, 0, 31, 0, 0, 0.21057%, 0, 0, 0, 2.37, 117, 0, 0.21057%, 138, 65535
1646532607, 0, 0, 31, 0, 0, 0.21057%, 0, 0, 0, 8.67, 120, 0, 0.21057%, 138, 65535
1646532608, 0, 0, 31, 0, 0, 0.21057%, 0, 0, 0, 3.13, 122, 0, 0.21057%, 138, 65535
1646532608, 0, 0, 31, 0, 0, 0.21057%, 0, 0, 0, 5.22, 124, 0, 0.21057%, 138, 65535
1646532609, 0, 0, 31, 0, 0, 0.21057%, 0, 0, 0, 1.49, 125, 0, 0.21057%, 138, 65535
1646532609, 0, 0, 31, 0, 0, 0.21057%, 0, 0, 0, 5.81, 127, 0, 0.21057%, 138, 65535
1646532609, 0, 0, 31, 0, 0, 0.21057%, 0, 0, 0, 3.09, 128, 0, 0.21057%, 138, 65535
1646532610, 0, 0, 31, 0, 0, 0.21057%, 0, 0, 0, 5.42, 131, 0, 0.21057%, 138, 65535
1646532610, 0, 0, 31, 0, 0, 0.21057%, 0, 0, 0, 4.82, 133, 0, 0.21057%, 138, 65535
1646532611, 0, 0, 31, 0, 0, 0.21057%, 0, 0, 0, 4.85, 135, 0, 0.21057%, 138, 65535
1646532611, 0, 0, 31, 0, 0, 0.21057%, 0, 0, 0, 6.61, 138, 0, 0.21057%, 138, 65535
1646532612, 0, 0, 31, 0, 0, 0.21057%, 0, 0, 0, 4.62, 140, 0, 0.21057%, 138, 65535
1646532612, 0, 0, 31, 0, 0, 0.21057%, 0, 0, 0, 5.25, 142, 0, 0.21057%, 138, 65535
1646532612, 0, 0, 31, 0, 0, 0.21057%, 0, 0, 0, 5.01, 144, 0, 0.21057%, 138, 65535
1646532613, 0, 0, 31, 0, 0, 0.21057%, 0, 0, 0, 5.19, 146, 0, 0.21057%, 138, 65535
1646532613, 0, 0, 31, 0, 0, 0.21057%, 0, 0, 0, 5.24, 148, 0, 0.21057%, 138, 65535
1646532614, 0, 0, 31, 0, 0, 0.21057%, 0, 0, 0, 3.29, 149, 0, 0.21057%, 138, 65535
1646532614, 0, 0, 31, 0, 0, 0.21057%, 0, 0, 0, 4.55, 151, 0, 0.21057%, 138, 65535
1646532615, 0, 0, 31, 0, 0, 0.21057%, 0, 0, 0, 1.27, 152, 0, 0.21057%, 138, 65535
1646532615, 0, 0, 31, 0, 0, 0.21057%, 0, 0, 0, 4.69, 154, 0, 0.21057%, 138, 65535
1646532616, 0, 0, 31, 0, 0, 0.21057%, 0, 0, 0, 1.22, 155, 0, 0.21057%, 138, 65535
1646532617, 0, 0, 31, 0, 0, 0.21057%, 0, 0, 0, 1.41, 156, 0, 0.21057%, 138, 65535
1646532617, 0, 0, 31, 0, 0, 0.21057%, 0, 0, 0, 5.85, 158, 0, 0.21057%, 138, 65535
1646532618, 0, 0, 31, 0, 0, 0.21057%, 0, 0, 0, 3.05, 160, 0, 0.21057%, 138, 65535
1646532618, 0, 0, 32, 0, 0, 0.21057%, 0, 0, 0, 1.29, 161, 0, 0.21057%, 138, 65535
1646532619, 0, 0, 32, 0, 0, 0.21057%, 0, 0, 0, 1.47, 162, 0, 0.21057%, 138, 65535
1646532620, 0, 0, 32, 0, 0, 0.21057%, 0, 0, 0, 1.11, 163, 0, 0.21057%, 138, 65535
1646532621, 0, 0, 32, 0, 0, 0.21057%, 0, 0, 0, 1.34, 164, 0, 0.21057%, 138, 65535
1646532621, 0, 0, 32, 0, 0, 0.21057%, 0, 0, 0, 1.87, 165, 0, 0.21057%, 138, 65535
1646532622, 0, 0, 32, 0, 0, 0.21057%, 0, 0, 0, 1.42, 166, 0, 0.21057%, 138, 65535
1646532623, 0, 0, 32, 0, 0, 0.21057%, 0, 0, 0, 1.29, 167, 0, 0.21057%, 138, 65535
1646532623, 0, 0, 32, 0, 0, 0.21057%, 0, 0, 0, 2.70, 168, 0, 0.21057%, 138, 65535
1646532624, 0, 0, 32, 0, 0, 0.21057%, 0, 0, 0, 1.82, 169, 0, 0.21057%, 138, 65535
1646532625, 0, 0, 32, 0, 0, 0.21057%, 0, 0, 0, 1.23, 170, 0, 0.21057%, 138, 65535
1646532625, 0, 0, 32, 0, 0, 0.21057%, 0, 0, 0, 2.00, 171, 0, 0.21057%, 138, 65535
1646532626, 0, 0, 32, 0, 0, 0.21057%, 0, 0, 0, 1.44, 172, 0, 0.21057%, 138, 65535
1646532626, 0, 0, 32, 0, 0, 0.21057%, 0, 0, 0, 2.96, 173, 0, 0.21057%, 138, 65535
1646532627, 0, 0, 32, 0, 0, 0.21057%, 0, 0, 0, 1.80, 174, 0, 0.21057%, 138, 65535
1646532628, 0, 0, 32, 0, 0, 0.21057%, 0, 0, 0, 1.16, 175, 0, 0.21057%, 138, 65535
1646532628, 0, 0, 32, 0, 0, 0.21057%, 0, 0, 0, 1.48, 176, 0, 0.21057%, 138, 65535
1646532629, 0, 0, 33, 0, 0, 0.21057%, 0, 0, 0, 0.99, 177, 0, 0.21057%, 138, 65535
1646532630, 0, 0, 33, 0, 0, 0.21057%, 0, 0, 0, 3.21, 178, 0, 0.21057%, 138, 65535
1646532630, 0, 0, 33, 0, 0, 0.21057%, 0, 0, 0, 2.04, 179, 0, 0.21057%, 138, 65535
1646532631, 0, 0, 33, 0, 0, 0.21057%, 0, 0, 0, 1.88, 181, 0, 0.21057%, 138, 65535
1646532632, 0, 0, 33, 0, 0, 0.21057%, 0, 0, 0, 1.89, 182, 0, 0.21057%, 138, 65535
1646532632, 0, 0, 33, 0, 0, 0.21057%, 0, 0, 0, 2.65, 183, 0, 0.21057%, 138, 65535
1646532632, 0, 0, 33, 0, 0, 0.21057%, 0, 0, 0, 2.82, 184, 0, 0.21057%, 138, 65535
1646532633, 0, 0, 34, 0, 0, 0.21057%, 0, 0, 0, 1.17, 185, 0, 0.21057%, 138, 65535
1646532634, 0, 0, 34, 0, 0, 0.21057%, 0, 0, 0, 1.30, 186, 0, 0.21057%, 138, 65535
1646532634, 0, 0, 34, 0, 0, 0.21057%, 0, 0, 0, 1.90, 187, 0, 0.21057%, 138, 65535
1646532635, 0, 0, 34, 0, 0, 0.21057%, 0, 0, 0, 1.77, 188, 0, 0.21057%, 138, 65535
1646532636, 0, 0, 34, 0, 0, 0.21057%, 0, 0, 0, 1.84, 189, 0, 0.21057%, 138, 65535
1646532637, 0, 0, 34, 0, 0, 0.21057%, 0, 0, 0, 0.90, 190, 0, 0.21057%, 138, 65535
1646532637, 0, 0, 34, 0, 0, 0.21057%, 0, 0, 0, 1.37, 191, 0, 0.21057%, 138, 65535
1646532638, 0, 0, 34, 0, 0, 0.21057%, 0, 0, 0, 2.65, 192, 0, 0.21057%, 138, 65535
1646532638, 0, 0, 34, 0, 0, 0.21057%, 0, 0, 0, 1.68, 193, 0, 0.21057%, 138, 65535
1646532639, 0, 0, 34, 0, 0, 0.21057%, 0, 0, 0, 1.78, 194, 0, 0.21057%, 138, 65535
1646532640, 0, 0, 34, 0, 0, 0.21057%, 0, 0, 0, 1.66, 195, 0, 0.21057%, 138, 65535
1646532640, 0, 0, 34, 0, 0, 0.21057%, 0, 0, 0, 1.74, 196, 0, 0.21057%, 138, 65535
1646532641, 0, 0, 34, 0, 0, 0.21057%, 0, 0, 0, 0.82, 197, 0, 0.21057%, 138, 65535
1646532642, 0, 0, 34, 0, 0, 0.21057%, 0, 0, 0, 1.21, 198, 0, 0.21057%, 138, 65535
1646532643, 0, 0, 34, 0, 0, 0.21057%, 0, 0, 0, 1.13, 199, 0, 0.21057%, 138, 65535
