# unix_time, cycles_done, cur_path, paths_total, pending_total, pending_favs, map_size, unique_crashes, unique_hangs, max_depth, execs_per_sec, valid_inputs, invalid_inputs, valid_cov
1646532869, 0, 0, 1, 0, 0, 0.12055%, 0, 0, 0, 0.12, 1, 0, 0.12055%, 79, 65535
1646532869, 0, 0, 2, 0, 0, 0.13581%, 0, 0, 0, 1.16, 2, 0, 0.13581%, 89, 65535
1646532870, 0, 0, 3, 0, 0, 0.13886%, 0, 0, 0, 1.70, 3, 0, 0.13886%, 91, 65535
1646532870, 0, 0, 4, 0, 0, 0.13886%, 0, 0, 0, 2.85, 4, 0, 0.13886%, 91, 65535
1646532871, 0, 0, 5, 0, 0, 0.17243%, 0, 0, 0, 1.32, 5, 0, 0.17243%, 113, 65535
1646532873, 0, 0, 6, 0, 0, 0.20752%, 0, 0, 0, 0.70, 6, 0, 0.20752%, 136, 65535
1646532874, 0, 0, 7, 0, 0, 0.20905%, 0, 0, 0, 0.84, 7, 0, 0.20905%, 137, 65535
1646532875, 0, 0, 8, 0, 0, 0.20905%, 0, 0, 0, 1.38, 8, 0, 0.20905%, 137, 65535
1646532875, 0, 0, 10, 0, 0, 0.20905%, 0, 0, 0, 2.17, 10, 0, 0.20905%, 137, 65535
1646532876, 0, 0, 11, 0, 0, 0.20905%, 0, 0, 0, 1.59, 11, 0, 0.20905%, 137, 65535
1646532877, 0, 0, 12, 0, 0, 0.20905%, 0, 0, 0, 1.18, 12, 0, 0.20905%, 137, 65535
1646532878, 0, 0, 13, 0, 0, 0.21057%, 0, 0, 0, 1.11, 13, 0, 0.21057%, 138, 65535
1646532879, 0, 0, 14, 0, 0, 0.21057%, 0, 0, 0, 0.73, 14, 0, 0.21057%, 138, 65535
1646532880, 0, 0, 15, 0, 0, 0.21057%, 0, 0, 0, 1.72, 15, 0, 0.21057%, 138, 65535
1646532881, 0, 0, 16, 0, 0, 0.21057%, 0, 0, 0, 0.89, 16, 0, 0.21057%, 138, 65535
1646532881, 0, 0, 16, 0, 0, 0.21057%, 0, 0, 0, 1.99, 17, 0, 0.21057%, 138, 65535
1646532882, 0, 0, 17, 0, 0, 0.21210%, 0, 0, 0, 2.86, 19, 0, 0.21210%, 139, 65535
1646532883, 0, 0, 18, 0, 0, 0.21210%, 0, 0, 0, 1.98, 20, 0, 0.21210%, 139, 65535
1646532883, 0, 0, 19, 0, 0, 0.21210%, 0, 0, 0, 1.76, 21, 0, 0.21210%, 139, 65535
1646532884, 0, 0, 19, 0, 0, 0.21210%, 0, 0, 0, 1.45, 22, 0, 0.21210%, 139, 65535
1646532885, 0, 0, 19, 0, 0, 0.21210%, 0, 0, 0, 1.08, 23, 0, 0.21210%, 139, 65535
1646532886, 0, 0, 19, 0, 0, 0.21210%, 0, 0, 0, 0.89, 24, 0, 0.21210%, 139, 65535
1646532886, 0, 0, 20, 0, 0, 0.21210%, 0, 0, 0, 2.41, 25, 0, 0.21210%, 139, 65535
1646532887, 0, 0, 20, 0, 0, 0.21210%, 0, 0, 0, 1.08, 26, 0, 0.21210%, 139, 65535
1646532888, 0, 0, 20, 0, 0, 0.21210%, 0, 0, 0, 2.82, 27, 0, 0.21210%, 139, 65535
1646532888, 0, 0, 20, 0, 0, 0.21210%, 0, 0, 0, 1.85, 28, 0, 0.21210%, 139, 65535
1646532889, 0, 0, 21, 0, 0, 0.21210%, 0, 0, 0, 2.67, 29, 0, 0.21210%, 139, 65535
1646532889, 0, 0, 21, 0, 0, 0.21210%, 0, 0, 0, 1.19, 30, 0, 0.21210%, 139, 65535
1646532890, 0, 0, 22, 0, 0, 0.21210%, 0, 0, 0, 1.10, 31, 0, 0.21210%, 139, 65535
1646532891, 0, 0, 23, 0, 0, 0.21210%, 0, 0, 0, 2.70, 33, 0, 0.21210%, 139, 65535
1646532891, 0, 0, 23, 0, 0, 0.21210%, 0, 0, 0, 3.05, 34, 0, 0.21210%, 139, 65535
1646532892, 0, 0, 23, 0, 0, 0.21210%, 0, 0, 0, 2.43, 35, 0, 0.21210%, 139, 65535
1646532893, 0, 0, 24, 0, 0, 0.21210%, 0, 0, 0, 2.36, 37, 0, 0.21210%, 139, 65535
1646532893, 0, 0, 24, 0, 0, 0.21210%, 0, 0, 0, 1.63, 38, 0, 0.21210%, 139, 65535
1646532894, 0, 0, 25, 0, 0, 0.21210%, 0, 0, 0, 2.37, 39, 0, 0.21210%, 139, 65535
1646532894, 0, 0, 25, 0, 0, 0.21210%, 0, 0, 0, 2.09, 40, 0, 0.21210%, 139, 65535
1646532895, 0, 0, 26, 0, 0, 0.21210%, 0, 0, 0, 1.53, 41, 0, 0.21210%, 139, 65535
1646532896, 0, 0, 26, 0, 0, 0.21210%, 0, 0, 0, 1.27, 42, 0, 0.21210%, 139, 65535
1646532896, 0, 0, 26, 0, 0, 0.21210%, 0, 0, 0, 2.59, 43, 0, 0.21210%, 139, 65535
1646532897, 0, 0, 26, 0, 0, 0.21210%, 0, 0, 0, 0.89, 44, 0, 0.21210%, 139, 65535
1646532898, 0, 0, 26, 0, 0, 0.21210%, 0, 0, 0, 1.44, 45, 0, 0.21210%, 139, 65535
1646532898, 0, 0, 27, 0, 0, 0.21210%, 0, 0, 0, 1.83, 46, 0, 0.21210%, 139, 65535
1646532899, 0, 0, 27, 0, 0, 0.21210%, 0, 0, 0, 1.98, 47, 0, 0.21210%, 139, 65535
1646532899, 0, 0, 28, 0, 0, 0.21210%, 0, 0, 0, 3.09, 48, 0, 0.21210%, 139, 65535
1646532899, 0, 0, 29, 0, 0, 0.21210%, 0, 0, 0, 2.89, 49, 0, 0.21210%, 139, 65535
1646532900, 0, 0, 30, 0, 0, 0.21210%, 0, 0, 0, 1.76, 50, 0, 0.21210%, 139, 65535
1646532901, 0, 0, 30, 0, 0, 0.21210%, 0, 0, 0, 1.81, 51, 0, 0.21210%, 139, 65535
1646532901, 0, 0, 30, 0, 0, 0.21210%, 0, 0, 0, 2.31, 52, 0, 0.21210%, 139, 65535
1646532902, 0, 0, 31, 0, 0, 0.21210%, 0, 0, 0, 1.60, 53, 0, 0.21210%, 139, 65535
1646532903, 0, 0, 31, 0, 0, 0.21210%, 0, 0, 0, 0.90, 54, 0, 0.21210%, 139, 65535
1646532904, 0, 0, 31, 0, 0, 0.21210%, 0, 0, 0, 0.86, 55, 0, 0.21210%, 139, 65535
1646532905, 0, 0, 31, 0, 0, 0.21210%, 0, 0, 0, 1.68, 56, 0, 0.21210%, 139, 65535
1646532905, 0, 0, 31, 0, 0, 0.21210%, 0, 0, 0, 1.44, 57, 0, 0.21210%, 139, 65535
1646532906, 0, 0, 31, 0, 0, 0.21210%, 0, 0, 0, 3.09, 58, 0, 0.21210%, 139, 65535
1646532906, 0, 0, 32, 0, 0, 0.21210%, 0, 0, 0, 2.61, 60, 0, 0.21210%, 139, 65535
1646532907, 0, 0, 32, 0, 0, 0.21210%, 0, 0, 0, 1.53, 61, 0, 0.21210%, 139, 65535
1646532908, 0, 0, 32, 0, 0, 0.21210%, 0, 0, 0, 1.32, 62, 0, 0.21210%, 139, 65535
1646532908, 0, 0, 32, 0, 0, 0.21210%, 0, 0, 0, 1.67, 63, 0, 0.21210%, 139, 65535
1646532909, 0, 0, 32, 0, 0, 0.21210%, 0, 0, 0, 2.36, 64, 0, 0.21210%, 139, 65535
1646532909, 0, 0, 32, 0, 0, 0.21210%, 0, 0, 0, 1.69, 65, 0, 0.21210%, 139, 65535
1646532910, 0, 0, 32, 0, 0, 0.21210%, 0, 0, 0, 1.90, 67, 0, 0.21210%, 139, 65535
1646532911, 0, 0, 32, 0, 0, 0.21210%, 0, 0, 0, 1.83, 68, 0, 0.21210%, 139, 65535
1646532912, 0, 0, 32, 0, 0, 0.21210%, 0, 0, 0, 0.74, 69, 0, 0.21210%, 139, 65535
1646532913, 0, 0, 32, 0, 0, 0.21210%, 0, 0, 0, 2.21, 70, 0, 0.21210%, 139, 65535
1646532913, 0, 0, 32, 0, 0, 0.21210%, 0, 0, 0, 2.58, 71, 0, 0.21210%, 139, 65535
1646532914, 0, 0, 32, 0, 0, 0.21210%, 0, 0, 0, 1.86, 72, 0, 0.21210%, 139, 65535
1646532914, 0, 0, 32, 0, 0, 0.21210%, 0, 0, 0, 1.71, 73, 0, 0.21210%, 139, 65535
1646532915, 0, 0, 32, 0, 0, 0.21210%, 0, 0, 0, 2.58, 74, 0, 0.21210%, 139, 65535
1646532915, 0, 0, 32, 0, 0, 0.21210%, 0, 0, 0, 2.99, 76, 0, 0.21210%, 139, 65535
1646532916, 0, 0, 32, 0, 0, 0.21210%, 0, 0, 0, 1.91, 77, 0, 0.21210%, 139, 65535
1646532916, 0, 0, 32, 0, 0, 0.21210%, 0, 0, 0, 1.60, 78, 0, 0.21210%, 139, 65535
1646532917, 0, 0, 32, 0, 0, 0.21210%, 0, 0, 0, 1.33, 79, 0, 0.21210%, 139, 65535
1646532918, 0, 0, 32, 0, 0, 0.21210%, 0, 0, 0, 2.27, 80, 0, 0.21210%, 139, 65535
1646532918, 0, 0, 32, 0, 0, 0.21210%, 0, 0, 0, 1.42, 81, 0, 0.21210%, 139, 65535
1646532919, 0, 0, 32, 0, 0, 0.21210%, 0, 0, 0, 1.00, 82, 0, 0.21210%, 139, 65535
1646532920, 0, 0, 32, 0, 0, 0.21210%, 0, 0, 0, 2.70, 83, 0, 0.21210%, 139, 65535
1646532921, 0, 0, 32, 0, 0, 0.21210%, 0, 0, 0, 1.08, 84, 0, 0.21210%, 139, 65535
1646532921, 0, 0, 32, 0, 0, 0.21210%, 0, 0, 0, 1.68, 85, 0, 0.21210%, 139, 65535
1646532922, 0, 0, 32, 0, 0, 0.21210%, 0, 0, 0, 1.92, 86, 0, 0.21210%, 139, 65535
1646532923, 0, 0, 32, 0, 0, 0.21210%, 0, 0, 0, 1.35, 87, 0, 0.21210%, 139, 65535
1646532923, 0, 0, 32, 0, 0, 0.21210%, 0, 0, 0, 1.52, 88, 0, 0.21210%, 139, 65535
1646532924, 0, 0, 32, 0, 0, 0.21210%, 0, 0, 0, 1.25, 89, 0, 0.21210%, 139, 65535
1646532924, 0, 0, 32, 0, 0, 0.21210%, 0, 0, 0, 2.45, 90, 0, 0.21210%, 139, 65535
1646532925, 0, 0, 32, 0, 0, 0.21210%, 0, 0, 0, 2.38, 91, 0, 0.21210%, 139, 65535
1646532925, 0, 0, 32, 0, 0, 0.21210%, 0, 0, 0, 2.33, 92, 0, 0.21210%, 139, 65535
1646532926, 0, 0, 32, 0, 0, 0.21210%, 0, 0, 0, 1.90, 93, 0, 0.21210%, 139, 65535
1646532926, 0, 0, 32, 0, 0, 0.21210%, 0, 0, 0, 1.75, 94, 0, 0.21210%, 139, 65535
1646532927, 0, 0, 32, 0, 0, 0.21210%, 0, 0, 0, 1.79, 95, 0, 0.21210%, 139, 65535
1646532927, 0, 0, 33, 0, 0, 0.21210%, 0, 0, 0, 4.29, 97, 0, 0.21210%, 139, 65535
1646532928, 0, 0, 33, 0, 0, 0.21210%, 0, 0, 0, 1.75, 98, 0, 0.21210%, 139, 65535
1646532928, 0, 0, 34, 0, 0, 0.21210%, 0, 0, 0, 2.84, 99, 0, 0.21210%, 139, 65535
1646532929, 0, 0, 34, 0, 0, 0.21210%, 0, 0, 0, 1.79, 100, 0, 0.21210%, 139, 65535
1646532929, 0, 0, 35, 0, 0, 0.21210%, 0, 0, 0, 1.47, 101, 0, 0.21210%, 139, 65535
1646532930, 0, 0, 35, 0, 0, 0.21210%, 0, 0, 0, 3.22, 103, 0, 0.21210%, 139, 65535
1646532930, 0, 0, 35, 0, 0, 0.21210%, 0, 0, 0, 2.73, 104, 0, 0.21210%, 139, 65535
1646532931, 0, 0, 35, 0, 0, 0.21210%, 0, 0, 0, 1.62, 105, 0, 0.21210%, 139, 65535
1646532932, 0, 0, 35, 0, 0, 0.21210%, 0, 0, 0, 4.74, 107, 0, 0.21210%, 139, 65535
1646532932, 0, 0, 35, 0, 0, 0.21210%, 0, 0, 0, 1.85, 108, 0, 0.21210%, 139, 65535
1646532933, 0, 0, 35, 0, 0, 0.21210%, 0, 0, 0, 2.18, 109, 0, 0.21210%, 139, 65535
1646532933, 0, 0, 35, 0, 0, 0.21210%, 0, 0, 0, 1.17, 110, 0, 0.21210%, 139, 65535
1646532934, 0, 0, 35, 0, 0, 0.21210%, 0, 0, 0, 1.59, 111, 0, 0.21210%, 139, 65535
1646532935, 0, 0, 36, 0, 0, 0.21363%, 0, 0, 0, 1.02, 112, 0, 0.21363%, 140, 65535
1646532935, 0, 0, 36, 0, 0, 0.21363%, 0, 0, 0, 2.20, 113, 0, 0.21363%, 140, 65535
1646532936, 0, 0, 37, 0, 0, 0.21363%, 0, 0, 0, 0.97, 114, 0, 0.21363%, 140, 65535
1646532937, 0, 0, 37, 0, 0, 0.21363%, 0, 0, 0, 3.01, 115, 0, 0.21363%, 140, 65535
1646532937, 0, 0, 37, 0, 0, 0.21363%, 0, 0, 0, 5.33, 117, 0, 0.21363%, 140, 65535
1646532938, 0, 0, 37, 0, 0, 0.21363%, 0, 0, 0, 1.04, 118, 0, 0.21363%, 140, 65535
1646532939, 0, 0, 37, 0, 0, 0.21363%, 0, 0, 0, 3.21, 120, 0, 0.21363%, 140, 65535
1646532939, 0, 0, 37, 0, 0, 0.21363%, 0, 0, 0, 2.60, 121, 0, 0.21363%, 140, 65535
1646532940, 0, 0, 37, 0, 0, 0.21363%, 0, 0, 0, 2.65, 122, 0, 0.21363%, 140, 65535
1646532940, 0, 0, 37, 0, 0, 0.21363%, 0, 0, 0, 2.44, 123, 0, 0.21363%, 140, 65535
1646532941, 0, 0, 37, 0, 0, 0.21363%, 0, 0, 0, 1.29, 124, 0, 0.21363%, 140, 65535
1646532942, 0, 0, 37, 0, 0, 0.21363%, 0, 0, 0, 1.10, 125, 0, 0.21363%, 140, 65535
1646532942, 0, 0, 38, 0, 0, 0.21363%, 0, 0, 0, 1.42, 126, 0, 0.21363%, 140, 65535
1646532943, 0, 0, 38, 0, 0, 0.21363%, 0, 0, 0, 1.92, 127, 0, 0.21363%, 140, 65535
1646532944, 0, 0, 38, 0, 0, 0.21363%, 0, 0, 0, 1.38, 128, 0, 0.21363%, 140, 65535
1646532944, 0, 0, 38, 0, 0, 0.21363%, 0, 0, 0, 2.04, 129, 0, 0.21363%, 140, 65535
1646532945, 0, 0, 38, 0, 0, 0.21363%, 0, 0, 0, 1.48, 130, 0, 0.21363%, 140, 65535
1646532945, 0, 0, 38, 0, 0, 0.21363%, 0, 0, 0, 1.86, 131, 0, 0.21363%, 140, 65535
1646532946, 0, 0, 38, 0, 0, 0.21363%, 0, 0, 0, 1.82, 133, 0, 0.21363%, 140, 65535
1646532947, 0, 0, 38, 0, 0, 0.21363%, 0, 0, 0, 1.49, 134, 0, 0.21363%, 140, 65535
1646532948, 0, 0, 38, 0, 0, 0.21363%, 0, 0, 0, 1.38, 135, 0, 0.21363%, 140, 65535
1646532948, 0, 0, 38, 0, 0, 0.21363%, 0, 0, 0, 2.23, 136, 0, 0.21363%, 140, 65535
1646532950, 0, 0, 39, 0, 0, 0.21363%, 0, 0, 0, 1.49, 138, 0, 0.21363%, 140, 65535
1646532950, 0, 0, 39, 0, 0, 0.21363%, 0, 0, 0, 1.23, 139, 0, 0.21363%, 140, 65535
1646532951, 0, 0, 39, 0, 0, 0.21363%, 0, 0, 0, 1.23, 140, 0, 0.21363%, 140, 65535
1646532952, 0, 0, 39, 0, 0, 0.21363%, 0, 0, 0, 2.46, 141, 0, 0.21363%, 140, 65535
1646532952, 0, 0, 39, 0, 0, 0.21363%, 0, 0, 0, 2.85, 142, 0, 0.21363%, 140, 65535
1646532952, 0, 0, 39, 0, 0, 0.21363%, 0, 0, 0, 1.95, 143, 0, 0.21363%, 140, 65535
1646532954, 0, 0, 39, 0, 0, 0.21363%, 0, 0, 0, 1.80, 145, 0, 0.21363%, 140, 65535
1646532954, 0, 0, 39, 0, 0, 0.21363%, 0, 0, 0, 3.09, 146, 0, 0.21363%, 140, 65535
1646532954, 0, 0, 39, 0, 0, 0.21363%, 0, 0, 0, 1.74, 147, 0, 0.21363%, 140, 65535
1646532955, 0, 0, 39, 0, 0, 0.21363%, 0, 0, 0, 1.71, 148, 0, 0.21363%, 140, 65535
1646532956, 0, 0, 39, 0, 0, 0.21363%, 0, 0, 0, 2.11, 149, 0, 0.21363%, 140, 65535
1646532957, 0, 0, 39, 0, 0, 0.21363%, 0, 0, 0, 1.95, 151, 0, 0.21363%, 140, 65535
1646532957, 0, 0, 39, 0, 0, 0.21363%, 0, 0, 0, 1.54, 152, 0, 0.21363%, 140, 65535
1646532958, 0, 0, 39, 0, 0, 0.21363%, 0, 0, 0, 1.15, 153, 0, 0.21363%, 140, 65535
1646532959, 0, 0, 39, 0, 0, 0.21363%, 0, 0, 0, 1.62, 154, 0, 0.21363%, 140, 65535
1646532960, 0, 0, 39, 0, 0, 0.21363%, 0, 0, 0, 1.43, 156, 0, 0.21363%, 140, 65535
1646532961, 0, 0, 39, 0, 0, 0.21363%, 0, 0, 0, 4.34, 158, 0, 0.21363%, 140, 65535
1646532961, 0, 0, 39, 0, 0, 0.21363%, 0, 0, 0, 3.19, 160, 0, 0.21363%, 140, 65535
1646532962, 0, 0, 39, 0, 0, 0.21363%, 0, 0, 0, 1.17, 161, 0, 0.21363%, 140, 65535
1646532962, 0, 0, 39, 0, 0, 0.21363%, 0, 0, 0, 2.46, 162, 0, 0.21363%, 140, 65535
1646532964, 0, 0, 40, 0, 0, 0.21363%, 0, 0, 0, 0.80, 163, 0, 0.21363%, 140, 65535
1646532964, 0, 0, 40, 0, 0, 0.21363%, 0, 0, 0, 2.70, 164, 0, 0.21363%, 140, 65535
1646532965, 0, 0, 40, 0, 0, 0.21363%, 0, 0, 0, 1.34, 165, 0, 0.21363%, 140, 65535
1646532965, 0, 0, 40, 0, 0, 0.21363%, 0, 0, 0, 3.29, 167, 0, 0.21363%, 140, 65535
1646532966, 0, 0, 40, 0, 0, 0.21363%, 0, 0, 0, 1.62, 168, 0, 0.21363%, 140, 65535
1646532966, 0, 0, 40, 0, 0, 0.21363%, 0, 0, 0, 2.24, 169, 0, 0.21363%, 140, 65535
1646532967, 0, 0, 40, 0, 0, 0.21363%, 0, 0, 0, 1.22, 170, 0, 0.21363%, 140, 65535
1646532968, 0, 0, 40, 0, 0, 0.21363%, 0, 0, 0, 2.67, 171, 0, 0.21363%, 140, 65535
1646532968, 0, 0, 40, 0, 0, 0.21363%, 0, 0, 0, 1.49, 172, 0, 0.21363%, 140, 65535
1646532969, 0, 0, 40, 0, 0, 0.21363%, 0, 0, 0, 2.01, 174, 0, 0.21363%, 140, 65535
1646532970, 0, 0, 40, 0, 0, 0.21363%, 0, 0, 0, 3.57, 176, 0, 0.21363%, 140, 65535
1646532971, 0, 0, 40, 0, 0, 0.21363%, 0, 0, 0, 2.09, 178, 0, 0.21363%, 140, 65535
1646532971, 0, 0, 40, 0, 0, 0.21363%, 0, 0, 0, 1.83, 179, 0, 0.21363%, 140, 65535
1646532973, 0, 0, 40, 0, 0, 0.21363%, 0, 0, 0, 0.81, 180, 0, 0.21363%, 140, 65535
1646532973, 0, 0, 40, 0, 0, 0.21363%, 0, 0, 0, 1.98, 181, 0, 0.21363%, 140, 65535
1646532974, 0, 0, 40, 0, 0, 0.21363%, 0, 0, 0, 0.85, 182, 0, 0.21363%, 140, 65535
1646532975, 0, 0, 40, 0, 0, 0.21363%, 0, 0, 0, 3.11, 183, 0, 0.21363%, 140, 65535
1646532975, 0, 0, 40, 0, 0, 0.21363%, 0, 0, 0, 3.19, 184, 0, 0.21363%, 140, 65535
1646532975, 0, 0, 40, 0, 0, 0.21363%, 0, 0, 0, 3.17, 185, 0, 0.21363%, 140, 65535
1646532976, 0, 0, 40, 0, 0, 0.21363%, 0, 0, 0, 1.02, 186, 0, 0.21363%, 140, 65535
1646532977, 0, 0, 40, 0, 0, 0.21363%, 0, 0, 0, 0.98, 187, 0, 0.21363%, 140, 65535
1646532978, 0, 0, 40, 0, 0, 0.21363%, 0, 0, 0, 1.42, 188, 0, 0.21363%, 140, 65535
1646532979, 0, 0, 40, 0, 0, 0.21363%, 0, 0, 0, 1.33, 189, 0, 0.21363%, 140, 65535
1646532979, 0, 0, 40, 0, 0, 0.21363%, 0, 0, 0, 1.33, 190, 0, 0.21363%, 140, 65535
1646532980, 0, 0, 40, 0, 0, 0.21363%, 0, 0, 0, 1.28, 191, 0, 0.21363%, 140, 65535
1646532981, 0, 0, 40, 0, 0, 0.21363%, 0, 0, 0, 1.32, 192, 0, 0.21363%, 140, 65535
1646532982, 0, 0, 40, 0, 0, 0.21363%, 0, 0, 0, 1.49, 193, 0, 0.21363%, 140, 65535
1646532982, 0, 0, 40, 0, 0, 0.21363%, 0, 0, 0, 1.62, 194, 0, 0.21363%, 140, 65535
1646532983, 0, 0, 40, 0, 0, 0.21363%, 0, 0, 0, 1.43, 195, 0, 0.21363%, 140, 65535
1646532984, 0, 0, 40, 0, 0, 0.21363%, 0, 0, 0, 1.80, 196, 0, 0.21363%, 140, 65535
1646532984, 0, 0, 40, 0, 0, 0.21363%, 0, 0, 0, 2.44, 197, 0, 0.21363%, 140, 65535
1646532985, 0, 0, 40, 0, 0, 0.21363%, 0, 0, 0, 1.75, 198, 0, 0.21363%, 140, 65535
1646532985, 0, 0, 40, 0, 0, 0.21363%, 0, 0, 0, 2.39, 199, 0, 0.21363%, 140, 65535
