# unix_time, cycles_done, cur_path, paths_total, pending_total, pending_favs, map_size, unique_crashes, unique_hangs, max_depth, execs_per_sec, valid_inputs, invalid_inputs, valid_cov
1645407822, 0, 0, 1, 0, 0, 0.15259%, 0, 0, 0, 0.05, 1, 0, 0.15259%, 100, 65535
1645407823, 0, 0, 2, 0, 0, 0.16327%, 0, 0, 0, 1.68, 2, 0, 0.16327%, 107, 65535
1645407823, 0, 0, 3, 0, 0, 0.16327%, 0, 0, 0, 1.21, 3, 0, 0.16327%, 107, 65535
1645407825, 0, 0, 4, 0, 0, 0.19074%, 0, 0, 0, 0.60, 4, 0, 0.19074%, 125, 65535
1645407827, 0, 0, 5, 0, 0, 0.19989%, 0, 0, 0, 0.43, 5, 0, 0.19989%, 131, 65535
1645407828, 0, 0, 6, 0, 0, 0.20142%, 0, 0, 0, 1.64, 6, 0, 0.20142%, 132, 65535
1645407829, 0, 0, 7, 0, 0, 0.20142%, 0, 0, 0, 1.17, 7, 0, 0.20142%, 132, 65535
1645407830, 0, 0, 7, 0, 0, 0.20142%, 0, 0, 0, 1.23, 8, 0, 0.20142%, 132, 65535
1645407831, 0, 0, 8, 0, 0, 0.20294%, 0, 0, 0, 0.89, 9, 0, 0.20294%, 133, 65535
1645407832, 0, 0, 9, 0, 0, 0.20294%, 0, 0, 0, 0.72, 10, 0, 0.20294%, 133, 65535
1645407833, 0, 0, 9, 0, 0, 0.20294%, 0, 0, 0, 1.47, 11, 0, 0.20294%, 133, 65535
1645407833, 0, 0, 10, 0, 0, 0.20294%, 0, 0, 0, 2.39, 12, 0, 0.20294%, 133, 65535
1645407835, 0, 0, 11, 0, 0, 0.20294%, 0, 0, 0, 0.63, 13, 0, 0.20294%, 133, 65535
1645407836, 0, 0, 12, 0, 0, 0.20294%, 0, 0, 0, 0.66, 14, 0, 0.20294%, 133, 65535
1645407837, 0, 0, 13, 0, 0, 0.20447%, 0, 0, 0, 2.73, 15, 0, 0.20447%, 134, 65535
1645407838, 0, 0, 14, 0, 0, 0.20447%, 0, 0, 0, 1.28, 16, 0, 0.20447%, 134, 65535
1645407838, 0, 0, 15, 0, 0, 0.20447%, 0, 0, 0, 1.52, 17, 0, 0.20447%, 134, 65535
1645407839, 0, 0, 15, 0, 0, 0.20447%, 0, 0, 0, 0.99, 18, 0, 0.20447%, 134, 65535
1645407840, 0, 0, 15, 0, 0, 0.20447%, 0, 0, 0, 1.17, 19, 0, 0.20447%, 134, 65535
1645407841, 0, 0, 15, 0, 0, 0.20447%, 0, 0, 0, 0.71, 20, 0, 0.20447%, 134, 65535
1645407843, 0, 0, 16, 0, 0, 0.20447%, 0, 0, 0, 0.78, 21, 0, 0.20447%, 134, 65535
1645407845, 0, 0, 17, 0, 0, 0.20447%, 0, 0, 0, 0.54, 22, 0, 0.20447%, 134, 65535
1645407846, 0, 0, 18, 0, 0, 0.21057%, 0, 0, 0, 1.01, 23, 0, 0.21057%, 138, 65535
1645407846, 0, 0, 18, 0, 0, 0.21057%, 0, 0, 0, 1.95, 24, 0, 0.21057%, 138, 65535
1645407847, 0, 0, 18, 0, 0, 0.21057%, 0, 0, 0, 1.03, 25, 0, 0.21057%, 138, 65535
1645407849, 0, 0, 19, 0, 0, 0.21210%, 0, 0, 0, 0.66, 26, 0, 0.21210%, 139, 65535
1645407849, 0, 0, 19, 0, 0, 0.21210%, 0, 0, 0, 2.02, 27, 0, 0.21210%, 139, 65535
1645407850, 0, 0, 20, 0, 0, 0.21210%, 0, 0, 0, 1.32, 28, 0, 0.21210%, 139, 65535
1645407850, 0, 0, 21, 0, 0, 0.21363%, 0, 0, 0, 1.57, 29, 0, 0.21363%, 140, 65535
1645407851, 0, 0, 21, 0, 0, 0.21363%, 0, 0, 0, 3.34, 31, 0, 0.21363%, 140, 65535
1645407852, 0, 0, 21, 0, 0, 0.21363%, 0, 0, 0, 1.04, 32, 0, 0.21363%, 140, 65535
1645407854, 0, 0, 21, 0, 0, 0.21363%, 0, 0, 0, 0.64, 33, 0, 0.21363%, 140, 65535
1645407854, 0, 0, 21, 0, 0, 0.21363%, 0, 0, 0, 1.10, 34, 0, 0.21363%, 140, 65535
1645407855, 0, 0, 21, 0, 0, 0.21363%, 0, 0, 0, 1.39, 35, 0, 0.21363%, 140, 65535
1645407857, 0, 0, 22, 0, 0, 0.21515%, 0, 0, 0, 0.68, 36, 0, 0.21515%, 141, 65535
1645407858, 0, 0, 22, 0, 0, 0.21515%, 0, 0, 0, 1.16, 37, 0, 0.21515%, 141, 65535
1645407859, 0, 0, 22, 0, 0, 0.21515%, 0, 0, 0, 0.68, 38, 0, 0.21515%, 141, 65535
1645407860, 0, 0, 22, 0, 0, 0.21515%, 0, 0, 0, 1.49, 39, 0, 0.21515%, 141, 65535
1645407861, 0, 0, 23, 0, 0, 0.21515%, 0, 0, 0, 0.83, 40, 0, 0.21515%, 141, 65535
1645407862, 0, 0, 23, 0, 0, 0.21515%, 0, 0, 0, 1.49, 41, 0, 0.21515%, 141, 65535
1645407862, 0, 0, 23, 0, 0, 0.21515%, 0, 0, 0, 2.25, 42, 0, 0.21515%, 141, 65535
1645407863, 0, 0, 23, 0, 0, 0.21515%, 0, 0, 0, 1.81, 43, 0, 0.21515%, 141, 65535
1645407863, 0, 0, 23, 0, 0, 0.21515%, 0, 0, 0, 1.88, 44, 0, 0.21515%, 141, 65535
1645407864, 0, 0, 24, 0, 0, 0.21515%, 0, 0, 0, 0.90, 45, 0, 0.21515%, 141, 65535
1645407865, 0, 0, 25, 0, 0, 0.21515%, 0, 0, 0, 1.06, 46, 0, 0.21515%, 141, 65535
1645407865, 0, 0, 26, 0, 0, 0.21668%, 0, 0, 0, 2.80, 47, 0, 0.21668%, 142, 65535
1645407867, 0, 0, 26, 0, 0, 0.21668%, 0, 0, 0, 0.67, 48, 0, 0.21668%, 142, 65535
1645407868, 0, 0, 26, 0, 0, 0.21668%, 0, 0, 0, 0.65, 49, 0, 0.21668%, 142, 65535
1645407870, 0, 0, 26, 0, 0, 0.21668%, 0, 0, 0, 0.90, 50, 0, 0.21668%, 142, 65535
1645407871, 0, 0, 26, 0, 0, 0.21668%, 0, 0, 0, 0.86, 51, 0, 0.21668%, 142, 65535
1645407871, 0, 0, 26, 0, 0, 0.21668%, 0, 0, 0, 1.51, 52, 0, 0.21668%, 142, 65535
1645407872, 0, 0, 26, 0, 0, 0.21668%, 0, 0, 0, 1.88, 53, 0, 0.21668%, 142, 65535
1645407873, 0, 0, 27, 0, 0, 0.21668%, 0, 0, 0, 0.96, 54, 0, 0.21668%, 142, 65535
1645407874, 0, 0, 27, 0, 0, 0.21668%, 0, 0, 0, 1.71, 55, 0, 0.21668%, 142, 65535
1645407874, 0, 0, 27, 0, 0, 0.21668%, 0, 0, 0, 4.66, 57, 0, 0.21668%, 142, 65535
1645407875, 0, 0, 28, 0, 0, 0.21668%, 0, 0, 0, 1.20, 58, 0, 0.21668%, 142, 65535
1645407875, 0, 0, 28, 0, 0, 0.21668%, 0, 0, 0, 2.55, 59, 0, 0.21668%, 142, 65535
1645407877, 0, 0, 28, 0, 0, 0.21668%, 0, 0, 0, 0.62, 60, 0, 0.21668%, 142, 65535
1645407877, 0, 0, 28, 0, 0, 0.21668%, 0, 0, 0, 1.58, 61, 0, 0.21668%, 142, 65535
1645407878, 0, 0, 28, 0, 0, 0.21668%, 0, 0, 0, 1.13, 62, 0, 0.21668%, 142, 65535
1645407880, 0, 0, 28, 0, 0, 0.21668%, 0, 0, 0, 0.65, 63, 0, 0.21668%, 142, 65535
1645407882, 0, 0, 28, 0, 0, 0.21668%, 0, 0, 0, 0.61, 64, 0, 0.21668%, 142, 65535
1645407882, 0, 0, 28, 0, 0, 0.21668%, 0, 0, 0, 1.68, 65, 0, 0.21668%, 142, 65535
1645407884, 0, 0, 28, 0, 0, 0.21668%, 0, 0, 0, 0.71, 66, 0, 0.21668%, 142, 65535
1645407884, 0, 0, 28, 0, 0, 0.21668%, 0, 0, 0, 1.47, 67, 0, 0.21668%, 142, 65535
1645407885, 0, 0, 28, 0, 0, 0.21668%, 0, 0, 0, 1.07, 68, 0, 0.21668%, 142, 65535
1645407886, 0, 0, 29, 0, 0, 0.21668%, 0, 0, 0, 0.78, 69, 0, 0.21668%, 142, 65535
1645407887, 0, 0, 30, 0, 0, 0.21668%, 0, 0, 0, 2.43, 70, 0, 0.21668%, 142, 65535
1645407887, 0, 0, 30, 0, 0, 0.21668%, 0, 0, 0, 1.63, 71, 0, 0.21668%, 142, 65535
1645407888, 0, 0, 30, 0, 0, 0.21668%, 0, 0, 0, 2.00, 72, 0, 0.21668%, 142, 65535
1645407890, 0, 0, 31, 0, 0, 0.21668%, 0, 0, 0, 1.11, 74, 0, 0.21668%, 142, 65535
1645407891, 0, 0, 31, 0, 0, 0.21668%, 0, 0, 0, 0.61, 75, 0, 0.21668%, 142, 65535
1645407894, 0, 0, 32, 0, 0, 0.21668%, 0, 0, 0, 0.35, 76, 0, 0.21668%, 142, 65535
1645407895, 0, 0, 32, 0, 0, 0.21668%, 0, 0, 0, 1.69, 77, 0, 0.21668%, 142, 65535
1645407896, 0, 0, 32, 0, 0, 0.21668%, 0, 0, 0, 0.83, 78, 0, 0.21668%, 142, 65535
1645407898, 0, 0, 32, 0, 0, 0.21668%, 0, 0, 0, 0.65, 79, 0, 0.21668%, 142, 65535
1645407898, 0, 0, 32, 0, 0, 0.21668%, 0, 0, 0, 2.23, 80, 0, 0.21668%, 142, 65535
1645407898, 0, 0, 32, 0, 0, 0.21668%, 0, 0, 0, 2.87, 81, 0, 0.21668%, 142, 65535
1645407900, 0, 0, 32, 0, 0, 0.21668%, 0, 0, 0, 0.61, 82, 0, 0.21668%, 142, 65535
1645407901, 0, 0, 32, 0, 0, 0.21668%, 0, 0, 0, 0.69, 83, 0, 0.21668%, 142, 65535
1645407902, 0, 0, 32, 0, 0, 0.21668%, 0, 0, 0, 1.14, 84, 0, 0.21668%, 142, 65535
1645407903, 0, 0, 32, 0, 0, 0.21668%, 0, 0, 0, 1.15, 85, 0, 0.21668%, 142, 65535
1645407904, 0, 0, 32, 0, 0, 0.21668%, 0, 0, 0, 1.00, 86, 0, 0.21668%, 142, 65535
1645407905, 0, 0, 32, 0, 0, 0.21668%, 0, 0, 0, 1.39, 87, 0, 0.21668%, 142, 65535
1645407906, 0, 0, 32, 0, 0, 0.21668%, 0, 0, 0, 0.67, 88, 0, 0.21668%, 142, 65535
1645407908, 0, 0, 32, 0, 0, 0.21668%, 0, 0, 0, 0.90, 89, 0, 0.21668%, 142, 65535
1645407908, 0, 0, 33, 0, 0, 0.21668%, 0, 0, 0, 1.42, 90, 0, 0.21668%, 142, 65535
1645407909, 0, 0, 33, 0, 0, 0.21668%, 0, 0, 0, 0.96, 91, 0, 0.21668%, 142, 65535
1645407910, 0, 0, 33, 0, 0, 0.21668%, 0, 0, 0, 1.54, 92, 0, 0.21668%, 142, 65535
1645407911, 0, 0, 33, 0, 0, 0.21668%, 0, 0, 0, 0.85, 93, 0, 0.21668%, 142, 65535
1645407912, 0, 0, 34, 0, 0, 0.21668%, 0, 0, 0, 0.99, 94, 0, 0.21668%, 142, 65535
1645407913, 0, 0, 34, 0, 0, 0.21668%, 0, 0, 0, 1.72, 95, 0, 0.21668%, 142, 65535
1645407914, 0, 0, 34, 0, 0, 0.21668%, 0, 0, 0, 0.58, 96, 0, 0.21668%, 142, 65535
1645407915, 0, 0, 34, 0, 0, 0.21668%, 0, 0, 0, 1.08, 97, 0, 0.21668%, 142, 65535
1645407916, 0, 0, 34, 0, 0, 0.21668%, 0, 0, 0, 1.89, 98, 0, 0.21668%, 142, 65535
1645407916, 0, 0, 34, 0, 0, 0.21668%, 0, 0, 0, 1.60, 99, 0, 0.21668%, 142, 65535
1645407918, 0, 0, 34, 0, 0, 0.21668%, 0, 0, 0, 0.91, 100, 0, 0.21668%, 142, 65535
1645407918, 0, 0, 34, 0, 0, 0.21668%, 0, 0, 0, 1.15, 101, 0, 0.21668%, 142, 65535
1645407919, 0, 0, 34, 0, 0, 0.21668%, 0, 0, 0, 1.72, 102, 0, 0.21668%, 142, 65535
1645407920, 0, 0, 34, 0, 0, 0.21668%, 0, 0, 0, 0.79, 103, 0, 0.21668%, 142, 65535
1645407921, 0, 0, 34, 0, 0, 0.21668%, 0, 0, 0, 1.35, 104, 0, 0.21668%, 142, 65535
1645407921, 0, 0, 34, 0, 0, 0.21668%, 0, 0, 0, 2.62, 105, 0, 0.21668%, 142, 65535
1645407922, 0, 0, 34, 0, 0, 0.21668%, 0, 0, 0, 0.95, 106, 0, 0.21668%, 142, 65535
1645407923, 0, 0, 34, 0, 0, 0.21668%, 0, 0, 0, 1.25, 107, 0, 0.21668%, 142, 65535
1645407925, 0, 0, 34, 0, 0, 0.21668%, 0, 0, 0, 0.54, 108, 0, 0.21668%, 142, 65535
1645407926, 0, 0, 34, 0, 0, 0.21668%, 0, 0, 0, 0.99, 109, 0, 0.21668%, 142, 65535
1645407927, 0, 0, 34, 0, 0, 0.21668%, 0, 0, 0, 1.85, 110, 0, 0.21668%, 142, 65535
1645407929, 0, 0, 35, 0, 0, 0.21668%, 0, 0, 0, 0.49, 111, 0, 0.21668%, 142, 65535
1645407930, 0, 0, 35, 0, 0, 0.21668%, 0, 0, 0, 0.72, 112, 0, 0.21668%, 142, 65535
1645407931, 0, 0, 35, 0, 0, 0.21668%, 0, 0, 0, 1.14, 113, 0, 0.21668%, 142, 65535
1645407932, 0, 0, 35, 0, 0, 0.21668%, 0, 0, 0, 1.37, 114, 0, 0.21668%, 142, 65535
1645407933, 0, 0, 36, 0, 0, 0.21668%, 0, 0, 0, 0.68, 115, 0, 0.21668%, 142, 65535
1645407934, 0, 0, 37, 0, 0, 0.21668%, 0, 0, 0, 0.82, 116, 0, 0.21668%, 142, 65535
1645407935, 0, 0, 37, 0, 0, 0.21668%, 0, 0, 0, 1.38, 117, 0, 0.21668%, 142, 65535
1645407936, 0, 0, 37, 0, 0, 0.21668%, 0, 0, 0, 1.29, 118, 0, 0.21668%, 142, 65535
1645407937, 0, 0, 37, 0, 0, 0.21668%, 0, 0, 0, 0.85, 119, 0, 0.21668%, 142, 65535
1645407938, 0, 0, 37, 0, 0, 0.21668%, 0, 0, 0, 0.73, 120, 0, 0.21668%, 142, 65535
1645407939, 0, 0, 37, 0, 0, 0.21668%, 0, 0, 0, 1.40, 121, 0, 0.21668%, 142, 65535
1645407940, 0, 0, 37, 0, 0, 0.21668%, 0, 0, 0, 0.95, 122, 0, 0.21668%, 142, 65535
1645407941, 0, 0, 37, 0, 0, 0.21668%, 0, 0, 0, 0.96, 123, 0, 0.21668%, 142, 65535
1645407942, 0, 0, 37, 0, 0, 0.21668%, 0, 0, 0, 1.45, 124, 0, 0.21668%, 142, 65535
1645407943, 0, 0, 38, 0, 0, 0.21668%, 0, 0, 0, 0.89, 125, 0, 0.21668%, 142, 65535
1645407944, 0, 0, 38, 0, 0, 0.21668%, 0, 0, 0, 1.30, 126, 0, 0.21668%, 142, 65535
1645407945, 0, 0, 38, 0, 0, 0.21668%, 0, 0, 0, 1.02, 127, 0, 0.21668%, 142, 65535
1645407946, 0, 0, 38, 0, 0, 0.21668%, 0, 0, 0, 1.19, 128, 0, 0.21668%, 142, 65535
1645407947, 0, 0, 39, 0, 0, 0.21668%, 0, 0, 0, 1.05, 129, 0, 0.21668%, 142, 65535
1645407948, 0, 0, 39, 0, 0, 0.21668%, 0, 0, 0, 0.59, 130, 0, 0.21668%, 142, 65535
1645407949, 0, 0, 39, 0, 0, 0.21668%, 0, 0, 0, 2.79, 131, 0, 0.21668%, 142, 65535
1645407950, 0, 0, 39, 0, 0, 0.21668%, 0, 0, 0, 0.74, 132, 0, 0.21668%, 142, 65535
1645407951, 0, 0, 39, 0, 0, 0.21668%, 0, 0, 0, 1.15, 133, 0, 0.21668%, 142, 65535
1645407952, 0, 0, 39, 0, 0, 0.21668%, 0, 0, 0, 0.99, 134, 0, 0.21668%, 142, 65535
1645407953, 0, 0, 39, 0, 0, 0.21668%, 0, 0, 0, 1.10, 135, 0, 0.21668%, 142, 65535
1645407955, 0, 0, 39, 0, 0, 0.21668%, 0, 0, 0, 0.52, 136, 0, 0.21668%, 142, 65535
1645407956, 0, 0, 40, 0, 0, 0.21668%, 0, 0, 0, 0.87, 137, 0, 0.21668%, 142, 65535
1645407957, 0, 0, 40, 0, 0, 0.21668%, 0, 0, 0, 0.90, 138, 0, 0.21668%, 142, 65535
1645407958, 0, 0, 40, 0, 0, 0.21668%, 0, 0, 0, 1.98, 139, 0, 0.21668%, 142, 65535
1645407958, 0, 0, 40, 0, 0, 0.21668%, 0, 0, 0, 1.09, 140, 0, 0.21668%, 142, 65535
1645407959, 0, 0, 40, 0, 0, 0.21668%, 0, 0, 0, 1.70, 141, 0, 0.21668%, 142, 65535
1645407960, 0, 0, 40, 0, 0, 0.21668%, 0, 0, 0, 1.11, 142, 0, 0.21668%, 142, 65535
1645407961, 0, 0, 40, 0, 0, 0.21668%, 0, 0, 0, 0.93, 143, 0, 0.21668%, 142, 65535
1645407962, 0, 0, 40, 0, 0, 0.21668%, 0, 0, 0, 0.83, 144, 0, 0.21668%, 142, 65535
1645407963, 0, 0, 40, 0, 0, 0.21668%, 0, 0, 0, 0.95, 145, 0, 0.21668%, 142, 65535
1645407964, 0, 0, 40, 0, 0, 0.21668%, 0, 0, 0, 1.00, 146, 0, 0.21668%, 142, 65535
1645407965, 0, 0, 40, 0, 0, 0.21668%, 0, 0, 0, 1.71, 147, 0, 0.21668%, 142, 65535
1645407966, 0, 0, 40, 0, 0, 0.21668%, 0, 0, 0, 0.92, 148, 0, 0.21668%, 142, 65535
1645407967, 0, 0, 40, 0, 0, 0.21668%, 0, 0, 0, 0.81, 149, 0, 0.21668%, 142, 65535
1645407969, 0, 0, 40, 0, 0, 0.21668%, 0, 0, 0, 0.64, 150, 0, 0.21668%, 142, 65535
1645407969, 0, 0, 40, 0, 0, 0.21668%, 0, 0, 0, 3.14, 151, 0, 0.21668%, 142, 65535
1645407971, 0, 0, 40, 0, 0, 0.21668%, 0, 0, 0, 0.63, 152, 0, 0.21668%, 142, 65535
1645407971, 0, 0, 40, 0, 0, 0.21668%, 0, 0, 0, 2.04, 153, 0, 0.21668%, 142, 65535
1645407972, 0, 0, 40, 0, 0, 0.21668%, 0, 0, 0, 0.90, 154, 0, 0.21668%, 142, 65535
1645407973, 0, 0, 40, 0, 0, 0.21668%, 0, 0, 0, 1.77, 155, 0, 0.21668%, 142, 65535
1645407973, 0, 0, 40, 0, 0, 0.21668%, 0, 0, 0, 2.73, 156, 0, 0.21668%, 142, 65535
1645407975, 0, 0, 40, 0, 0, 0.21668%, 0, 0, 0, 0.49, 157, 0, 0.21668%, 142, 65535
1645407976, 0, 0, 40, 0, 0, 0.21668%, 0, 0, 0, 1.00, 158, 0, 0.21668%, 142, 65535
1645407977, 0, 0, 40, 0, 0, 0.21668%, 0, 0, 0, 1.55, 159, 0, 0.21668%, 142, 65535
1645407978, 0, 0, 40, 0, 0, 0.21668%, 0, 0, 0, 1.29, 160, 0, 0.21668%, 142, 65535
1645407979, 0, 0, 40, 0, 0, 0.21668%, 0, 0, 0, 1.00, 161, 0, 0.21668%, 142, 65535
1645407979, 0, 0, 40, 0, 0, 0.21668%, 0, 0, 0, 1.56, 162, 0, 0.21668%, 142, 65535
1645407980, 0, 0, 40, 0, 0, 0.21668%, 0, 0, 0, 0.92, 163, 0, 0.21668%, 142, 65535
1645407981, 0, 0, 40, 0, 0, 0.21668%, 0, 0, 0, 2.92, 164, 0, 0.21668%, 142, 65535
1645407984, 0, 0, 41, 0, 0, 0.21668%, 0, 0, 0, 0.34, 165, 0, 0.21668%, 142, 65535
1645407985, 0, 0, 41, 0, 0, 0.21668%, 0, 0, 0, 1.09, 166, 0, 0.21668%, 142, 65535
1645407985, 0, 0, 41, 0, 0, 0.21668%, 0, 0, 0, 1.30, 167, 0, 0.21668%, 142, 65535
1645407988, 0, 0, 41, 0, 0, 0.21668%, 0, 0, 0, 0.38, 168, 0, 0.21668%, 142, 65535
1645407990, 0, 0, 41, 0, 0, 0.21668%, 0, 0, 0, 0.52, 169, 0, 0.21668%, 142, 65535
1645407991, 0, 0, 42, 0, 0, 0.21668%, 0, 0, 0, 0.63, 170, 0, 0.21668%, 142, 65535
1645407994, 0, 0, 42, 0, 0, 0.21668%, 0, 0, 0, 0.41, 171, 0, 0.21668%, 142, 65535
1645407995, 0, 0, 42, 0, 0, 0.21668%, 0, 0, 0, 0.77, 172, 0, 0.21668%, 142, 65535
1645407996, 0, 0, 42, 0, 0, 0.21668%, 0, 0, 0, 0.79, 173, 0, 0.21668%, 142, 65535
1645407997, 0, 0, 42, 0, 0, 0.21668%, 0, 0, 0, 1.14, 174, 0, 0.21668%, 142, 65535
1645407998, 0, 0, 42, 0, 0, 0.21668%, 0, 0, 0, 0.85, 175, 0, 0.21668%, 142, 65535
1645407999, 0, 0, 42, 0, 0, 0.21668%, 0, 0, 0, 1.16, 176, 0, 0.21668%, 142, 65535
1645408000, 0, 0, 42, 0, 0, 0.21668%, 0, 0, 0, 1.11, 177, 0, 0.21668%, 142, 65535
1645408001, 0, 0, 42, 0, 0, 0.21668%, 0, 0, 0, 0.85, 178, 0, 0.21668%, 142, 65535
1645408002, 0, 0, 42, 0, 0, 0.21668%, 0, 0, 0, 1.13, 179, 0, 0.21668%, 142, 65535
1645408003, 0, 0, 42, 0, 0, 0.21668%, 0, 0, 0, 0.89, 180, 0, 0.21668%, 142, 65535
1645408004, 0, 0, 42, 0, 0, 0.21668%, 0, 0, 0, 1.02, 181, 0, 0.21668%, 142, 65535
1645408005, 0, 0, 42, 0, 0, 0.21668%, 0, 0, 0, 0.95, 182, 0, 0.21668%, 142, 65535
1645408007, 0, 0, 42, 0, 0, 0.21668%, 0, 0, 0, 0.78, 183, 0, 0.21668%, 142, 65535
1645408007, 0, 0, 42, 0, 0, 0.21668%, 0, 0, 0, 1.74, 184, 0, 0.21668%, 142, 65535
1645408009, 0, 0, 42, 0, 0, 0.21668%, 0, 0, 0, 0.55, 185, 0, 0.21668%, 142, 65535
1645408011, 0, 0, 42, 0, 0, 0.21668%, 0, 0, 0, 0.71, 186, 0, 0.21668%, 142, 65535
1645408012, 0, 0, 42, 0, 0, 0.21668%, 0, 0, 0, 0.77, 187, 0, 0.21668%, 142, 65535
1645408013, 0, 0, 42, 0, 0, 0.21668%, 0, 0, 0, 0.63, 188, 0, 0.21668%, 142, 65535
1645408015, 0, 0, 42, 0, 0, 0.21668%, 0, 0, 0, 0.73, 189, 0, 0.21668%, 142, 65535
1645408015, 0, 0, 42, 0, 0, 0.21668%, 0, 0, 0, 2.35, 190, 0, 0.21668%, 142, 65535
1645408016, 0, 0, 42, 0, 0, 0.21668%, 0, 0, 0, 0.79, 191, 0, 0.21668%, 142, 65535
1645408019, 0, 0, 42, 0, 0, 0.21668%, 0, 0, 0, 0.46, 192, 0, 0.21668%, 142, 65535
1645408020, 0, 0, 42, 0, 0, 0.21668%, 0, 0, 0, 1.15, 193, 0, 0.21668%, 142, 65535
1645408020, 0, 0, 42, 0, 0, 0.21668%, 0, 0, 0, 1.65, 194, 0, 0.21668%, 142, 65535
1645408021, 0, 0, 42, 0, 0, 0.21668%, 0, 0, 0, 0.91, 195, 0, 0.21668%, 142, 65535
1645408022, 0, 0, 42, 0, 0, 0.21668%, 0, 0, 0, 0.83, 196, 0, 0.21668%, 142, 65535
1645408024, 0, 0, 43, 0, 0, 0.21668%, 0, 0, 0, 0.92, 197, 0, 0.21668%, 142, 65535
1645408024, 0, 0, 43, 0, 0, 0.21668%, 0, 0, 0, 1.11, 198, 0, 0.21668%, 142, 65535
1645408026, 0, 0, 43, 0, 0, 0.21668%, 0, 0, 0, 0.90, 199, 0, 0.21668%, 142, 65535
