# unix_time, cycles_done, cur_path, paths_total, pending_total, pending_favs, map_size, unique_crashes, unique_hangs, max_depth, execs_per_sec, valid_inputs, invalid_inputs, valid_cov
1646532718, 0, 0, 1, 0, 0, 0.14496%, 0, 0, 0, 0.12, 1, 0, 0.14496%, 95, 65535
1646532718, 0, 0, 2, 0, 0, 0.15412%, 0, 0, 0, 2.16, 2, 0, 0.15412%, 101, 65535
1646532719, 0, 0, 3, 0, 0, 0.15869%, 0, 0, 0, 1.00, 3, 0, 0.15869%, 104, 65535
1646532720, 0, 0, 4, 0, 0, 0.16327%, 0, 0, 0, 1.98, 4, 0, 0.16327%, 107, 65535
1646532721, 0, 0, 5, 0, 0, 0.16327%, 0, 0, 0, 2.21, 6, 0, 0.16327%, 107, 65535
1646532722, 0, 0, 6, 0, 0, 0.16327%, 0, 0, 0, 1.18, 7, 0, 0.16327%, 107, 65535
1646532722, 0, 0, 7, 0, 0, 0.16632%, 0, 0, 0, 2.39, 8, 0, 0.16632%, 109, 65535
1646532723, 0, 0, 8, 0, 0, 0.19684%, 0, 0, 0, 0.71, 9, 0, 0.19684%, 129, 65535
1646532724, 0, 0, 9, 0, 0, 0.19684%, 0, 0, 0, 1.39, 10, 0, 0.19684%, 129, 65535
1646532725, 0, 0, 10, 0, 0, 0.19684%, 0, 0, 0, 2.05, 11, 0, 0.19684%, 129, 65535
1646532725, 0, 0, 11, 0, 0, 0.20142%, 0, 0, 0, 1.84, 12, 0, 0.20142%, 132, 65535
1646532726, 0, 0, 11, 0, 0, 0.20142%, 0, 0, 0, 3.30, 13, 0, 0.20142%, 132, 65535
1646532726, 0, 0, 12, 0, 0, 0.20142%, 0, 0, 0, 2.55, 15, 0, 0.20142%, 132, 65535
1646532727, 0, 0, 13, 0, 0, 0.20142%, 0, 0, 0, 2.59, 16, 0, 0.20142%, 132, 65535
1646532728, 0, 0, 14, 0, 0, 0.20294%, 0, 0, 0, 1.02, 17, 0, 0.20294%, 133, 65535
1646532728, 0, 0, 15, 0, 0, 0.20294%, 0, 0, 0, 3.32, 18, 0, 0.20294%, 133, 65535
1646532729, 0, 0, 16, 0, 0, 0.20447%, 0, 0, 0, 1.53, 20, 0, 0.20447%, 134, 65535
1646532730, 0, 0, 16, 0, 0, 0.20447%, 0, 0, 0, 1.36, 21, 0, 0.20447%, 134, 65535
1646532731, 0, 0, 17, 0, 0, 0.20600%, 0, 0, 0, 0.69, 22, 0, 0.20600%, 135, 65535
1646532732, 0, 0, 17, 0, 0, 0.20600%, 0, 0, 0, 1.32, 23, 0, 0.20600%, 135, 65535
1646532733, 0, 0, 17, 0, 0, 0.20600%, 0, 0, 0, 2.07, 24, 0, 0.20600%, 135, 65535
1646532733, 0, 0, 18, 0, 0, 0.21057%, 0, 0, 0, 2.21, 25, 0, 0.21057%, 138, 65535
1646532734, 0, 0, 18, 0, 0, 0.21057%, 0, 0, 0, 2.48, 26, 0, 0.21057%, 138, 65535
1646532734, 0, 0, 19, 0, 0, 0.21057%, 0, 0, 0, 1.06, 27, 0, 0.21057%, 138, 65535
1646532735, 0, 0, 20, 0, 0, 0.21057%, 0, 0, 0, 1.49, 28, 0, 0.21057%, 138, 65535
1646532735, 0, 0, 20, 0, 0, 0.21057%, 0, 0, 0, 3.08, 29, 0, 0.21057%, 138, 65535
1646532736, 0, 0, 20, 0, 0, 0.21057%, 0, 0, 0, 2.57, 30, 0, 0.21057%, 138, 65535
1646532736, 0, 0, 22, 0, 0, 0.21057%, 0, 0, 0, 3.98, 32, 0, 0.21057%, 138, 65535
1646532737, 0, 0, 22, 0, 0, 0.21057%, 0, 0, 0, 1.28, 33, 0, 0.21057%, 138, 65535
1646532738, 0, 0, 22, 0, 0, 0.21057%, 0, 0, 0, 0.89, 34, 0, 0.21057%, 138, 65535
1646532739, 0, 0, 22, 0, 0, 0.21057%, 0, 0, 0, 2.63, 36, 0, 0.21057%, 138, 65535
1646532740, 0, 0, 22, 0, 0, 0.21057%, 0, 0, 0, 2.00, 37, 0, 0.21057%, 138, 65535
1646532740, 0, 0, 24, 0, 0, 0.21057%, 0, 0, 0, 3.64, 39, 0, 0.21057%, 138, 65535
1646532741, 0, 0, 25, 0, 0, 0.21210%, 0, 0, 0, 1.69, 41, 0, 0.21210%, 139, 65535
1646532742, 0, 0, 25, 0, 0, 0.21210%, 0, 0, 0, 2.04, 42, 0, 0.21210%, 139, 65535
1646532742, 0, 0, 26, 0, 0, 0.21210%, 0, 0, 0, 2.13, 43, 0, 0.21210%, 139, 65535
1646532743, 0, 0, 26, 0, 0, 0.21210%, 0, 0, 0, 2.06, 44, 0, 0.21210%, 139, 65535
1646532743, 0, 0, 26, 0, 0, 0.21210%, 0, 0, 0, 4.35, 46, 0, 0.21210%, 139, 65535
1646532744, 0, 0, 26, 0, 0, 0.21210%, 0, 0, 0, 1.75, 47, 0, 0.21210%, 139, 65535
1646532744, 0, 0, 26, 0, 0, 0.21210%, 0, 0, 0, 1.56, 48, 0, 0.21210%, 139, 65535
1646532745, 0, 0, 26, 0, 0, 0.21210%, 0, 0, 0, 2.57, 49, 0, 0.21210%, 139, 65535
1646532745, 0, 0, 26, 0, 0, 0.21210%, 0, 0, 0, 3.18, 50, 0, 0.21210%, 139, 65535
1646532746, 0, 0, 26, 0, 0, 0.21210%, 0, 0, 0, 1.82, 51, 0, 0.21210%, 139, 65535
1646532746, 0, 0, 26, 0, 0, 0.21210%, 0, 0, 0, 2.82, 52, 0, 0.21210%, 139, 65535
1646532746, 0, 0, 26, 0, 0, 0.21210%, 0, 0, 0, 2.04, 53, 0, 0.21210%, 139, 65535
1646532747, 0, 0, 26, 0, 0, 0.21210%, 0, 0, 0, 2.78, 54, 0, 0.21210%, 139, 65535
1646532748, 0, 0, 26, 0, 0, 0.21210%, 0, 0, 0, 1.32, 55, 0, 0.21210%, 139, 65535
1646532748, 0, 0, 26, 0, 0, 0.21210%, 0, 0, 0, 1.15, 56, 0, 0.21210%, 139, 65535
1646532749, 0, 0, 26, 0, 0, 0.21210%, 0, 0, 0, 2.44, 57, 0, 0.21210%, 139, 65535
1646532750, 0, 0, 27, 0, 0, 0.21210%, 0, 0, 0, 1.04, 58, 0, 0.21210%, 139, 65535
1646532750, 0, 0, 27, 0, 0, 0.21210%, 0, 0, 0, 3.25, 60, 0, 0.21210%, 139, 65535
1646532751, 0, 0, 27, 0, 0, 0.21210%, 0, 0, 0, 1.34, 61, 0, 0.21210%, 139, 65535
1646532752, 0, 0, 27, 0, 0, 0.21210%, 0, 0, 0, 5.71, 63, 0, 0.21210%, 139, 65535
1646532753, 0, 0, 28, 0, 0, 0.21210%, 0, 0, 0, 2.09, 65, 0, 0.21210%, 139, 65535
1646532753, 0, 0, 28, 0, 0, 0.21210%, 0, 0, 0, 2.30, 66, 0, 0.21210%, 139, 65535
1646532753, 0, 0, 28, 0, 0, 0.21210%, 0, 0, 0, 4.03, 68, 0, 0.21210%, 139, 65535
1646532754, 0, 0, 28, 0, 0, 0.21210%, 0, 0, 0, 2.05, 69, 0, 0.21210%, 139, 65535
1646532754, 0, 0, 28, 0, 0, 0.21210%, 0, 0, 0, 3.66, 71, 0, 0.21210%, 139, 65535
1646532755, 0, 0, 28, 0, 0, 0.21210%, 0, 0, 0, 2.33, 72, 0, 0.21210%, 139, 65535
1646532756, 0, 0, 28, 0, 0, 0.21210%, 0, 0, 0, 2.67, 74, 0, 0.21210%, 139, 65535
1646532756, 0, 0, 28, 0, 0, 0.21210%, 0, 0, 0, 2.07, 75, 0, 0.21210%, 139, 65535
1646532757, 0, 0, 28, 0, 0, 0.21210%, 0, 0, 0, 1.96, 76, 0, 0.21210%, 139, 65535
1646532757, 0, 0, 28, 0, 0, 0.21210%, 0, 0, 0, 1.95, 77, 0, 0.21210%, 139, 65535
1646532757, 0, 0, 28, 0, 0, 0.21210%, 0, 0, 0, 3.30, 78, 0, 0.21210%, 139, 65535
1646532758, 0, 0, 28, 0, 0, 0.21210%, 0, 0, 0, 1.18, 79, 0, 0.21210%, 139, 65535
1646532760, 0, 0, 29, 0, 0, 0.21210%, 0, 0, 0, 0.68, 80, 0, 0.21210%, 139, 65535
1646532760, 0, 0, 29, 0, 0, 0.21210%, 0, 0, 0, 1.73, 81, 0, 0.21210%, 139, 65535
1646532761, 0, 0, 29, 0, 0, 0.21210%, 0, 0, 0, 1.63, 82, 0, 0.21210%, 139, 65535
1646532761, 0, 0, 29, 0, 0, 0.21210%, 0, 0, 0, 3.03, 83, 0, 0.21210%, 139, 65535
1646532762, 0, 0, 29, 0, 0, 0.21210%, 0, 0, 0, 2.53, 84, 0, 0.21210%, 139, 65535
1646532762, 0, 0, 29, 0, 0, 0.21210%, 0, 0, 0, 1.59, 85, 0, 0.21210%, 139, 65535
1646532763, 0, 0, 29, 0, 0, 0.21210%, 0, 0, 0, 1.61, 86, 0, 0.21210%, 139, 65535
1646532764, 0, 0, 30, 0, 0, 0.21210%, 0, 0, 0, 0.97, 87, 0, 0.21210%, 139, 65535
1646532764, 0, 0, 30, 0, 0, 0.21210%, 0, 0, 0, 1.93, 88, 0, 0.21210%, 139, 65535
1646532765, 0, 0, 30, 0, 0, 0.21210%, 0, 0, 0, 2.21, 89, 0, 0.21210%, 139, 65535
1646532765, 0, 0, 30, 0, 0, 0.21210%, 0, 0, 0, 2.72, 90, 0, 0.21210%, 139, 65535
1646532766, 0, 0, 30, 0, 0, 0.21210%, 0, 0, 0, 1.28, 91, 0, 0.21210%, 139, 65535
1646532766, 0, 0, 30, 0, 0, 0.21210%, 0, 0, 0, 2.83, 92, 0, 0.21210%, 139, 65535
1646532767, 0, 0, 30, 0, 0, 0.21210%, 0, 0, 0, 1.96, 93, 0, 0.21210%, 139, 65535
1646532768, 0, 0, 30, 0, 0, 0.21210%, 0, 0, 0, 1.34, 94, 0, 0.21210%, 139, 65535
1646532768, 0, 0, 30, 0, 0, 0.21210%, 0, 0, 0, 2.32, 95, 0, 0.21210%, 139, 65535
1646532768, 0, 0, 30, 0, 0, 0.21210%, 0, 0, 0, 3.14, 96, 0, 0.21210%, 139, 65535
1646532769, 0, 0, 30, 0, 0, 0.21210%, 0, 0, 0, 2.90, 97, 0, 0.21210%, 139, 65535
1646532769, 0, 0, 30, 0, 0, 0.21210%, 0, 0, 0, 2.47, 98, 0, 0.21210%, 139, 65535
1646532770, 0, 0, 30, 0, 0, 0.21210%, 0, 0, 0, 1.73, 99, 0, 0.21210%, 139, 65535
1646532770, 0, 0, 30, 0, 0, 0.21210%, 0, 0, 0, 2.05, 100, 0, 0.21210%, 139, 65535
1646532771, 0, 0, 30, 0, 0, 0.21210%, 0, 0, 0, 2.31, 102, 0, 0.21210%, 139, 65535
1646532772, 0, 0, 30, 0, 0, 0.21210%, 0, 0, 0, 2.04, 103, 0, 0.21210%, 139, 65535
1646532772, 0, 0, 30, 0, 0, 0.21210%, 0, 0, 0, 2.17, 104, 0, 0.21210%, 139, 65535
1646532773, 0, 0, 31, 0, 0, 0.21210%, 0, 0, 0, 1.41, 105, 0, 0.21210%, 139, 65535
1646532773, 0, 0, 31, 0, 0, 0.21210%, 0, 0, 0, 1.49, 106, 0, 0.21210%, 139, 65535
1646532774, 0, 0, 31, 0, 0, 0.21210%, 0, 0, 0, 2.42, 108, 0, 0.21210%, 139, 65535
1646532775, 0, 0, 31, 0, 0, 0.21210%, 0, 0, 0, 4.12, 110, 0, 0.21210%, 139, 65535
1646532775, 0, 0, 31, 0, 0, 0.21210%, 0, 0, 0, 2.60, 111, 0, 0.21210%, 139, 65535
1646532776, 0, 0, 31, 0, 0, 0.21210%, 0, 0, 0, 2.16, 112, 0, 0.21210%, 139, 65535
1646532777, 0, 0, 31, 0, 0, 0.21210%, 0, 0, 0, 2.04, 114, 0, 0.21210%, 139, 65535
1646532777, 0, 0, 31, 0, 0, 0.21210%, 0, 0, 0, 2.56, 116, 0, 0.21210%, 139, 65535
1646532778, 0, 0, 31, 0, 0, 0.21210%, 0, 0, 0, 1.02, 117, 0, 0.21210%, 139, 65535
1646532779, 0, 0, 31, 0, 0, 0.21210%, 0, 0, 0, 2.84, 119, 0, 0.21210%, 139, 65535
1646532779, 0, 0, 31, 0, 0, 0.21210%, 0, 0, 0, 3.13, 120, 0, 0.21210%, 139, 65535
1646532780, 0, 0, 31, 0, 0, 0.21210%, 0, 0, 0, 2.89, 122, 0, 0.21210%, 139, 65535
1646532780, 0, 0, 31, 0, 0, 0.21210%, 0, 0, 0, 2.73, 123, 0, 0.21210%, 139, 65535
1646532781, 0, 0, 31, 0, 0, 0.21210%, 0, 0, 0, 2.21, 125, 0, 0.21210%, 139, 65535
1646532782, 0, 0, 31, 0, 0, 0.21210%, 0, 0, 0, 2.28, 126, 0, 0.21210%, 139, 65535
1646532782, 0, 0, 31, 0, 0, 0.21210%, 0, 0, 0, 1.98, 127, 0, 0.21210%, 139, 65535
1646532783, 0, 0, 31, 0, 0, 0.21210%, 0, 0, 0, 2.29, 128, 0, 0.21210%, 139, 65535
1646532783, 0, 0, 31, 0, 0, 0.21210%, 0, 0, 0, 1.80, 129, 0, 0.21210%, 139, 65535
1646532784, 0, 0, 31, 0, 0, 0.21210%, 0, 0, 0, 2.15, 130, 0, 0.21210%, 139, 65535
1646532784, 0, 0, 31, 0, 0, 0.21210%, 0, 0, 0, 2.76, 131, 0, 0.21210%, 139, 65535
1646532785, 0, 0, 31, 0, 0, 0.21210%, 0, 0, 0, 1.44, 132, 0, 0.21210%, 139, 65535
1646532785, 0, 0, 31, 0, 0, 0.21210%, 0, 0, 0, 2.18, 133, 0, 0.21210%, 139, 65535
1646532786, 0, 0, 31, 0, 0, 0.21210%, 0, 0, 0, 2.46, 134, 0, 0.21210%, 139, 65535
1646532786, 0, 0, 31, 0, 0, 0.21210%, 0, 0, 0, 5.60, 136, 0, 0.21210%, 139, 65535
1646532787, 0, 0, 31, 0, 0, 0.21210%, 0, 0, 0, 1.68, 137, 0, 0.21210%, 139, 65535
1646532788, 0, 0, 31, 0, 0, 0.21210%, 0, 0, 0, 0.97, 138, 0, 0.21210%, 139, 65535
1646532788, 0, 0, 31, 0, 0, 0.21210%, 0, 0, 0, 1.79, 139, 0, 0.21210%, 139, 65535
1646532789, 0, 0, 31, 0, 0, 0.21210%, 0, 0, 0, 2.35, 140, 0, 0.21210%, 139, 65535
1646532789, 0, 0, 31, 0, 0, 0.21210%, 0, 0, 0, 2.94, 141, 0, 0.21210%, 139, 65535
1646532790, 0, 0, 31, 0, 0, 0.21210%, 0, 0, 0, 1.85, 143, 0, 0.21210%, 139, 65535
1646532791, 0, 0, 31, 0, 0, 0.21210%, 0, 0, 0, 1.82, 144, 0, 0.21210%, 139, 65535
1646532792, 0, 0, 32, 0, 0, 0.21210%, 0, 0, 0, 1.00, 145, 0, 0.21210%, 139, 65535
1646532792, 0, 0, 32, 0, 0, 0.21210%, 0, 0, 0, 1.96, 146, 0, 0.21210%, 139, 65535
1646532793, 0, 0, 32, 0, 0, 0.21210%, 0, 0, 0, 2.57, 148, 0, 0.21210%, 139, 65535
1646532794, 0, 0, 32, 0, 0, 0.21210%, 0, 0, 0, 1.61, 149, 0, 0.21210%, 139, 65535
1646532794, 0, 0, 32, 0, 0, 0.21210%, 0, 0, 0, 1.73, 150, 0, 0.21210%, 139, 65535
1646532795, 0, 0, 33, 0, 0, 0.21210%, 0, 0, 0, 1.20, 151, 0, 0.21210%, 139, 65535
1646532796, 0, 0, 33, 0, 0, 0.21210%, 0, 0, 0, 3.23, 153, 0, 0.21210%, 139, 65535
1646532796, 0, 0, 33, 0, 0, 0.21210%, 0, 0, 0, 2.07, 154, 0, 0.21210%, 139, 65535
1646532797, 0, 0, 33, 0, 0, 0.21210%, 0, 0, 0, 4.02, 156, 0, 0.21210%, 139, 65535
1646532797, 0, 0, 33, 0, 0, 0.21210%, 0, 0, 0, 2.95, 157, 0, 0.21210%, 139, 65535
1646532797, 0, 0, 33, 0, 0, 0.21210%, 0, 0, 0, 3.06, 158, 0, 0.21210%, 139, 65535
1646532798, 0, 0, 33, 0, 0, 0.21210%, 0, 0, 0, 2.50, 159, 0, 0.21210%, 139, 65535
1646532798, 0, 0, 33, 0, 0, 0.21210%, 0, 0, 0, 1.94, 160, 0, 0.21210%, 139, 65535
1646532799, 0, 0, 34, 0, 0, 0.21210%, 0, 0, 0, 3.16, 162, 0, 0.21210%, 139, 65535
1646532799, 0, 0, 34, 0, 0, 0.21210%, 0, 0, 0, 2.75, 164, 0, 0.21210%, 139, 65535
1646532800, 0, 0, 34, 0, 0, 0.21210%, 0, 0, 0, 4.16, 166, 0, 0.21210%, 139, 65535
1646532801, 0, 0, 34, 0, 0, 0.21210%, 0, 0, 0, 3.42, 168, 0, 0.21210%, 139, 65535
1646532801, 0, 0, 34, 0, 0, 0.21210%, 0, 0, 0, 2.00, 169, 0, 0.21210%, 139, 65535
1646532802, 0, 0, 34, 0, 0, 0.21210%, 0, 0, 0, 2.05, 170, 0, 0.21210%, 139, 65535
1646532802, 0, 0, 35, 0, 0, 0.21363%, 0, 0, 0, 1.57, 171, 0, 0.21363%, 140, 65535
1646532803, 0, 0, 35, 0, 0, 0.21363%, 0, 0, 0, 2.42, 172, 0, 0.21363%, 140, 65535
1646532803, 0, 0, 35, 0, 0, 0.21363%, 0, 0, 0, 2.85, 173, 0, 0.21363%, 140, 65535
1646532803, 0, 0, 36, 0, 0, 0.21363%, 0, 0, 0, 1.75, 174, 0, 0.21363%, 140, 65535
1646532804, 0, 0, 36, 0, 0, 0.21363%, 0, 0, 0, 1.98, 175, 0, 0.21363%, 140, 65535
1646532805, 0, 0, 36, 0, 0, 0.21363%, 0, 0, 0, 1.58, 176, 0, 0.21363%, 140, 65535
1646532805, 0, 0, 36, 0, 0, 0.21363%, 0, 0, 0, 1.64, 177, 0, 0.21363%, 140, 65535
1646532806, 0, 0, 36, 0, 0, 0.21363%, 0, 0, 0, 1.65, 178, 0, 0.21363%, 140, 65535
1646532806, 0, 0, 36, 0, 0, 0.21363%, 0, 0, 0, 2.19, 179, 0, 0.21363%, 140, 65535
1646532808, 0, 0, 36, 0, 0, 0.21363%, 0, 0, 0, 1.41, 181, 0, 0.21363%, 140, 65535
1646532809, 0, 0, 36, 0, 0, 0.21363%, 0, 0, 0, 1.62, 183, 0, 0.21363%, 140, 65535
1646532810, 0, 0, 36, 0, 0, 0.21363%, 0, 0, 0, 1.71, 184, 0, 0.21363%, 140, 65535
1646532810, 0, 0, 36, 0, 0, 0.21363%, 0, 0, 0, 1.55, 185, 0, 0.21363%, 140, 65535
1646532811, 0, 0, 36, 0, 0, 0.21363%, 0, 0, 0, 1.78, 186, 0, 0.21363%, 140, 65535
1646532812, 0, 0, 36, 0, 0, 0.21363%, 0, 0, 0, 1.24, 187, 0, 0.21363%, 140, 65535
1646532812, 0, 0, 36, 0, 0, 0.21363%, 0, 0, 0, 1.76, 188, 0, 0.21363%, 140, 65535
1646532813, 0, 0, 36, 0, 0, 0.21363%, 0, 0, 0, 2.28, 189, 0, 0.21363%, 140, 65535
1646532813, 0, 0, 36, 0, 0, 0.21363%, 0, 0, 0, 1.80, 190, 0, 0.21363%, 140, 65535
1646532813, 0, 0, 36, 0, 0, 0.21363%, 0, 0, 0, 2.77, 191, 0, 0.21363%, 140, 65535
1646532814, 0, 0, 36, 0, 0, 0.21363%, 0, 0, 0, 1.59, 192, 0, 0.21363%, 140, 65535
1646532815, 0, 0, 36, 0, 0, 0.21363%, 0, 0, 0, 2.02, 193, 0, 0.21363%, 140, 65535
1646532815, 0, 0, 36, 0, 0, 0.21363%, 0, 0, 0, 1.73, 194, 0, 0.21363%, 140, 65535
1646532816, 0, 0, 36, 0, 0, 0.21363%, 0, 0, 0, 0.76, 195, 0, 0.21363%, 140, 65535
1646532817, 0, 0, 36, 0, 0, 0.21363%, 0, 0, 0, 2.59, 197, 0, 0.21363%, 140, 65535
1646532818, 0, 0, 36, 0, 0, 0.21363%, 0, 0, 0, 3.34, 199, 0, 0.21363%, 140, 65535
